  27.9994;   3.1200;   9.8725;  29.4588;  39.0000;   7.5009;  14.5600;   7.9938;  10.6600;   4.5363;  11.7000;   4.1310;  12.2591;   2.8505;  22.6061;   4.1242;  11.3100;   4.5489;   3.1200;  13.7487
1:  42.6806;2:  55.4878;13:  39.4005;22:  31.2751;23:  26.5839;27:  49.6720
  28.1784;   3.0890;   9.8493;  29.6196;  38.7039;   7.4728;  14.4550;   8.0600;  10.6600;   4.5195;  11.6708;   4.1600;  12.3500;   2.8513;  22.6282;   4.1600;  11.3100;   4.5500;   3.0911;  13.7800
1:  45.5845;2:  58.9171;13:  35.2793;22:  30.8940;23:  26.0926;27:  48.3912
  28.2006;   3.0983;   9.8800;  29.3728;  39.0000;   7.5250;  14.4841;   8.0600;  10.6385;   4.5500;  11.5971;   4.1531;  12.3500;   2.8382;  22.6010;   4.1600;  11.2837;   4.5500;   3.1200;  13.6673
1:  42.7270;2:  55.5416;13:  39.3985;22:  31.2778;23:  26.5942;27:  49.5906
  28.1302;   3.1200;   9.8800;  29.6400;  39.0000;   7.5323;  14.4824;   8.0600;  10.6465;   4.5500;  11.7000;   4.1600;  12.3500;   2.8578;  22.7394;   4.1600;  11.3100;   4.5500;   3.1200;  13.7800
1:  42.7817;2:  55.5970;13:  39.8527;22:  31.0786;23:  26.7552;27:  49.7034
  28.0543;   3.1200;   9.8800;  29.4059;  39.0000;   7.4976;  14.5600;   8.0126;  10.6600;   4.5457;  11.6021;   4.1217;  12.3500;   2.8487;  22.7500;   4.1200;  11.3100;   4.5189;   3.1200;  13.7800
1:  42.6998;2:  55.5069;13:  39.5899;22:  31.1187;23:  26.6389;27:  49.7034
  28.2100;   3.1200;   9.8355;  29.4875;  38.8080;   7.5400;  14.5214;   8.0600;  10.6577;   4.5074;  11.6535;   4.1600;  12.3500;   2.8600;  22.7500;   4.1600;  11.2179;   4.5500;   3.0944;  13.7800
1:  44.6464;2:  57.8116;13:  36.4739;22:  31.4222;23:  26.1235;27:  48.8458
  28.0893;   3.1200;   9.8328;  29.6400;  38.6896;   7.5115;  14.4441;   8.0600;  10.6379;   4.5500;  11.7000;   4.1504;  12.3343;   2.8595;  22.7072;   4.1600;  11.2676;   4.5500;   3.0987;  13.7800
1:  45.7085;2:  59.0628;13:  35.1458;22:  30.8340;23:  26.0947;27:  48.3370
  28.1598;   3.1200;   9.8800;  29.6400;  39.0000;   7.5400;  14.5600;   8.0600;  10.6397;   4.5089;  11.7000;   4.1346;  12.3047;   2.8467;  22.7500;   4.1579;  11.2319;   4.5500;   3.1200;  13.7745
1:  42.8388;2:  55.6653;13:  39.7279;22:  31.0490;23:  26.6997;27:  49.6979
  28.2100;   3.0928;   9.8800;  29.6400;  39.0000;   7.5400;  14.5549;   8.0600;  10.6600;   4.5244;  11.6090;   4.1600;  12.3500;   2.8600;  22.6900;   4.1453;  11.3100;   4.5500;   3.0918;  13.7418
1:  42.8203;2:  55.6438;13:  39.7268;22:  31.1693;23:  26.6728;27:  49.6370
  28.2100;   3.1141;   9.8546;  29.3497;  38.9580;   7.5261;  14.5460;   8.0373;  10.6187;   4.5500;  11.6184;   4.1600;  12.3500;   2.8600;  22.6864;   4.1521;  11.3100;   4.5500;   3.0956;  13.7563
1:  43.1047;2:  55.9872;13:  38.8877;22:  31.3150;23:  26.5356;27:  49.4730
  28.0455;   3.0903;   9.8503;  29.6400;  38.9925;   7.5400;  14.5600;   8.0600;  10.5979;   4.5500;  11.7000;   4.1600;  12.3500;   2.8456;  22.7500;   4.1422;  11.3100;   4.5175;   3.1045;  13.7800
1:  42.8581;2:  55.6897;13:  39.6046;22:  31.0939;23:  26.6846;27:  49.6554
  28.2100;   3.1200;   9.8399;  29.6400;  38.8656;   7.5400;  14.5600;   8.0374;  10.5880;   4.5117;  11.6969;   4.1565;  12.3293;   2.8600;  22.7500;   4.1600;  11.2063;   4.5500;   3.0994;  13.6486
1:  44.2022;2:  57.2857;13:  37.1875;22:  31.4959;23:  26.2292;27:  48.9691
  28.0194;   3.1200;   9.8434;  29.6400;  38.6697;   7.5400;  14.4338;   8.0600;  10.6258;   4.5241;  11.7000;   4.1600;  12.3500;   2.8600;  22.5487;   4.1600;  11.3100;   4.5371;   3.1040;  13.7800
1:  45.8718;2:  59.2570;13:  34.8320;22:  30.7002;23:  26.0691;27:  48.2559
  28.2100;   3.1195;   9.8800;  29.6400;  38.9138;   7.4649;  14.5010;   8.0600;  10.6195;   4.5500;  11.7000;   4.1300;  12.3000;   2.8600;  22.6813;   4.1551;  11.3100;   4.5255;   3.1200;  13.6980
1:  43.7542;2:  56.7562;13:  37.8488;22:  31.4903;23:  26.3413;27:  49.2479
  28.2100;   3.1200;   9.7941;  29.6400;  38.7651;   7.5400;  14.5542;   8.0580;  10.5789;   4.5295;  11.5858;   4.1370;  12.3500;   2.8600;  22.5758;   4.1570;  11.2476;   4.5500;   3.1200;  13.7600
1:  45.0947;2:  58.3414;13:  35.8147;22:  31.1336;23:  26.0831;27:  48.6655
  28.0837;   3.1200;   9.8800;  29.5172;  39.0000;   7.5400;  14.5600;   8.0317;  10.5952;   4.5500;  11.6384;   4.1600;  12.3500;   2.8600;  22.7500;   4.1395;  11.2344;   4.5500;   3.1200;  13.7800
1:  42.7445;2:  55.5562;13:  39.7232;22:  31.0450;23:  26.6878;27:  49.7034
  28.2100;   3.1200;   9.7924;  29.3458;  39.0000;   7.4860;  14.4902;   8.0600;  10.6380;   4.5088;  11.7000;   4.1600;  12.2510;   2.8600;  22.5489;   4.1289;  11.3100;   4.5500;   3.1200;  13.7686
1:  42.6949;2:  55.5068;13:  39.2633;22:  31.3538;23:  26.5377;27:  49.6920
  28.0226;   3.1200;   9.8405;  29.6175;  38.8615;   7.5049;  14.5334;   8.0491;  10.6600;   4.5500;  11.7000;   4.1600;  12.2660;   2.8600;  22.7091;   4.1195;  11.2026;   4.5500;   3.1082;  13.7800
1:  44.1514;2:  57.2294;13:  37.0428;22:  31.5823;23:  26.1177;27:  49.0913
  28.0203;   3.1068;   9.8800;  29.4254;  39.0000;   7.4821;  14.5319;   7.9988;  10.5866;   4.5500;  11.7000;   4.1600;  12.3500;   2.8600;  22.6660;   4.1286;  11.3100;   4.5339;   3.1021;  13.7800
1:  42.6837;2:  55.4899;13:  39.4930;22:  31.1831;23:  26.6375;27:  49.6855
  28.0434;   3.1200;   9.8800;  29.6400;  39.0000;   7.4948;  14.4847;   8.0284;  10.5707;   4.5293;  11.7000;   4.1600;  12.3500;   2.8397;  22.6674;   4.1600;  11.2590;   4.5500;   3.0895;  13.7800
1:  42.7997;2:  55.6250;13:  39.4330;22:  31.1607;23:  26.6556;27:  49.6728
  27.9769;   3.1002;   9.8800;  29.6400;  38.9047;   7.4718;  14.5397;   8.0265;  10.6600;   4.5368;  11.7000;   4.1254;  12.3198;   2.8600;  22.7500;   4.1437;  11.3100;   4.5500;   3.1200;  13.7800
1:  43.6606;2:  56.6455;13:  37.9863;22:  31.4304;23:  26.3821;27:  49.2905
  28.0137;   3.1164;   9.8800;  29.4703;  39.0000;   7.4910;  14.5600;   8.0600;  10.6131;   4.5339;  11.6234;   4.1559;  12.3500;   2.8600;  22.5339;   4.1600;  11.2706;   4.5500;   3.0959;  13.7800
1:  42.7213;2:  55.5368;13:  39.2905;22:  31.3557;23:  26.5346;27:  49.6793
  28.2100;   3.1200;   9.7983;  29.6400;  39.0000;   7.4708;  14.5600;   8.0600;  10.6600;   4.5175;  11.6920;   4.1600;  12.3500;   2.8597;  22.7500;   4.1235;  11.3100;   4.5107;   3.0988;  13.7129
1:  42.8562;2:  55.6860;13:  39.6938;22:  31.1039;23:  26.6491;27:  49.6150
  28.0004;   3.1200;   9.8506;  29.6400;  39.0000;   7.5400;  14.5600;   8.0221;  10.6600;   4.5229;  11.7000;   4.1600;  12.3219;   2.8600;  22.6397;   4.1280;  11.3100;   4.5500;   3.1040;  13.7164
1:  42.7365;2:  55.5483;13:  39.6492;22:  31.2071;23:  26.6411;27:  49.6238
  28.2100;   3.1037;   9.8800;  29.5270;  39.0000;   7.5400;  14.5256;   8.0474;  10.6600;   4.5210;  11.7000;   4.1600;  12.2878;   2.8542;  22.5779;   4.1322;  11.1972;   4.5500;   3.0976;  13.6923
1:  42.8533;2:  55.6883;13:  39.3605;22:  31.2467;23:  26.5218;27:  49.5932
  27.9991;   3.0965;   9.8800;  29.6400;  38.7854;   7.5090;  14.5159;   8.0600;  10.6154;   4.5500;  11.7000;   4.1600;  12.3500;   2.8500;  22.7500;   4.1215;  11.3100;   4.5403;   3.1200;  13.7012
1:  44.8159;2:  58.0112;13:  36.2699;22:  31.3328;23:  26.1300;27:  48.6945
  28.0792;   3.0974;   9.8800;  29.6400;  39.0000;   7.5400;  14.4462;   8.0509;  10.5890;   4.5253;  11.6902;   4.1262;  12.3500;   2.8486;  22.5514;   4.1600;  11.2278;   4.5469;   3.0965;  13.6852
1:  42.8516;2:  55.6896;13:  39.1683;22:  31.2826;23:  26.5536;27:  49.5850
  28.0698;   3.1200;   9.8334;  29.6400;  39.0000;   7.5400;  14.5600;   8.0091;  10.6600;   4.5500;  11.6143;   4.1276;  12.3500;   2.8600;  22.6302;   4.1185;  11.2354;   4.5304;   3.1200;  13.7800
1:  42.8401;2:  55.6726;13:  39.3836;22:  31.2117;23:  26.5373;27:  49.7034
  28.1258;   3.1200;   9.7812;  29.6400;  38.7841;   7.4843;  14.4195;   8.0565;  10.5602;   4.5437;  11.7000;   4.1273;  12.3152;   2.8600;  22.7500;   4.1600;  11.3100;   4.5244;   3.1200;  13.7245
1:  44.8853;2:  58.0960;13:  36.0031;22:  31.2348;23:  26.1752;27:  48.7123
  27.9596;   3.1200;   9.8800;  29.3915;  38.7937;   7.5106;  14.4945;   8.0600;  10.6600;   4.5164;  11.7000;   4.1232;  12.3192;   2.8600;  22.7500;   4.1441;  11.2852;   4.5104;   3.1200;  13.7800
1:  44.6715;2:  57.8451;13:  36.2153;22:  31.3233;23:  26.1137;27:  48.8095
  27.9585;   3.1200;   9.7959;  29.6400;  38.7633;   7.5314;  14.5600;   8.0222;  10.5573;   4.5229;  11.7000;   4.1393;  12.3086;   2.8600;  22.6517;   4.1439;  11.3100;   4.5492;   3.1138;  13.7800
1:  44.9719;2:  58.1983;13:  35.8728;22:  31.1740;23:  26.1394;27:  48.6716
  28.2100;   3.1200;   9.8800;  29.5279;  39.0000;   7.5302;  14.4956;   8.0600;  10.5706;   4.5166;  11.7000;   4.1600;  12.3243;   2.8467;  22.5685;   4.1600;  11.3100;   4.5309;   3.0927;  13.7355
1:  42.8567;2:  55.6939;13:  39.2630;22:  31.3008;23:  26.5936;27:  49.6315
  28.2100;   3.1122;   9.8800;  29.6400;  39.0000;   7.5235;  14.4165;   8.0600;  10.6048;   4.5500;  11.7000;   4.1301;  12.3500;   2.8549;  22.5742;   4.1600;  11.2994;   4.5392;   3.1200;  13.6465
1:  42.8905;2:  55.7326;13:  39.2890;22:  31.2839;23:  26.6055;27:  49.5699
  28.2100;   3.0936;   9.8800;  29.6400;  38.9490;   7.5095;  14.4774;   8.0600;  10.6327;   4.5052;  11.7000;   4.1482;  12.2308;   2.8438;  22.7500;   4.1600;  11.3100;   4.5363;   3.1200;  13.7800
1:  43.3567;2:  56.2836;13:  38.5988;22:  31.2853;23:  26.5298;27:  49.4822
  28.2100;   3.1011;   9.8263;  29.6400;  38.8370;   7.4931;  14.5600;   7.9846;  10.6600;   4.5500;  11.6623;   4.1392;  12.3500;   2.8535;  22.7500;   4.1600;  11.2284;   4.5500;   3.1095;  13.6576
1:  44.4500;2:  57.5799;13:  36.7386;22:  31.5409;23:  26.1491;27:  48.8640
  27.9644;   3.1135;   9.8798;  29.5129;  39.0000;   7.4915;  14.4682;   8.0456;  10.6600;   4.5500;  11.7000;   4.1600;  12.2784;   2.8413;  22.6607;   4.1561;  11.2271;   4.5464;   3.1187;  13.7800
1:  42.7122;2:  55.5238;13:  39.4367;22:  31.1745;23:  26.6055;27:  49.7020
  28.2100;   3.0960;   9.8575;  29.6400;  39.0000;   7.5400;  14.5600;   8.0600;  10.6600;   4.5463;  11.6794;   4.1421;  12.2536;   2.8561;  22.7500;   4.1459;  11.2556;   4.5409;   3.1147;  13.7800
1:  42.8481;2:  55.6762;13:  39.7147;22:  31.0683;23:  26.6829;27:  49.6981
  28.0414;   3.1200;   9.8776;  29.6400;  39.0000;   7.5400;  14.5436;   7.9803;  10.6600;   4.5081;  11.6969;   4.1600;  12.2990;   2.8600;  22.6716;   4.1526;  11.3100;   4.5067;   3.1066;  13.7800
1:  42.8472;2:  55.6802;13:  39.4224;22:  31.1813;23:  26.6334;27:  49.6899
  28.1136;   3.1190;   9.8800;  29.5044;  39.0000;   7.4875;  14.4453;   8.0569;  10.6600;   4.5218;  11.7000;   4.1410;  12.3500;   2.8600;  22.7500;   4.1200;  11.3100;   4.5419;   3.1134;  13.7800
1:  42.7218;2:  55.5300;13:  39.7255;22:  31.0898;23:  26.6909;27:  49.6968
  28.2100;   3.1200;   9.8287;  29.5022;  39.0000;   7.4932;  14.5600;   8.0600;  10.6600;   4.5144;  11.6868;   4.1600;  12.3122;   2.8600;  22.5860;   4.1600;  11.3100;   4.5127;   3.1200;  13.7800
1:  42.8409;2:  55.6741;13:  39.3498;22:  31.3070;23:  26.5611;27:  49.7034
  28.2100;   3.1200;   9.8800;  29.6400;  38.7051;   7.5386;  14.5338;   8.0600;  10.6600;   4.5468;  11.7000;   4.1600;  12.3500;   2.8458;  22.7500;   4.1411;  11.2189;   4.5379;   3.0903;  13.7408
1:  45.6872;2:  59.0341;13:  35.3834;22:  30.9172;23:  26.0507;27:  48.3564
  28.1642;   3.1200;   9.8800;  29.3541;  38.6459;   7.5400;  14.5600;   8.0600;  10.5923;   4.5476;  11.6513;   4.1600;  12.3500;   2.8600;  22.7500;   4.1493;  11.2959;   4.5500;   3.1129;  13.6446
1:  46.0093;2:  59.4168;13:  34.7836;22:  30.6717;23:  26.0802;27:  48.0266
  28.2100;   3.1073;   9.8800;  29.5456;  39.0000;   7.4954;  14.5600;   8.0600;  10.6245;   4.5500;  11.7000;   4.1600;  12.3500;   2.8384;  22.5846;   4.1600;  11.3100;   4.5345;   3.0999;  13.7800
1:  42.8408;2:  55.6720;13:  39.4635;22:  31.2895;23:  26.6010;27:  49.6833
  28.0499;   3.1200;   9.8309;  29.4749;  39.0000;   7.4902;  14.5600;   8.0600;  10.6109;   4.5500;  11.7000;   4.1235;  12.3386;   2.8600;  22.7500;   4.1600;  11.2321;   4.5316;   3.1004;  13.7794
1:  42.7227;2:  55.5323;13:  39.6518;22:  31.0544;23:  26.6781;27:  49.6831
  28.1036;   3.0913;   9.8800;  29.4514;  38.7078;   7.5397;  14.5600;   8.0560;  10.6600;   4.5398;  11.7000;   4.1600;  12.3272;   2.8488;  22.7500;   4.1600;  11.2869;   4.5262;   3.1200;  13.7388
1:  45.5004;2:  58.8171;13:  35.4386;22:  30.9605;23:  26.0950;27:  48.3959
  27.9941;   3.1079;   9.7978;  29.6364;  38.7356;   7.5232;  14.5600;   8.0600;  10.6600;   4.5500;  11.7000;   4.1191;  12.3470;   2.8600;  22.7500;   4.1600;  11.3100;   4.5160;   3.1121;  13.7800
1:  45.2697;2:  58.5456;13:  35.7118;22:  31.0850;23:  26.1175;27:  48.5496
  28.2100;   3.1200;   9.8800;  29.6400;  38.8734;   7.4978;  14.4930;   7.9895;  10.6189;   4.5095;  11.6826;   4.1554;  12.3440;   2.8367;  22.7321;   4.1600;  11.2982;   4.5500;   3.1200;  13.7800
1:  44.1057;2:  57.1733;13:  37.2321;22:  31.5514;23:  26.2740;27:  49.1547
  28.2100;   3.1114;   9.8176;  29.6261;  39.0000;   7.4709;  14.5226;   8.0099;  10.5567;   4.5500;  11.6067;   4.1238;  12.2978;   2.8398;  22.7500;   4.1523;  11.3100;   4.5500;   3.1200;  13.6517
1:  42.8119;2:  55.6392;13:  39.4300;22:  31.1228;23:  26.6984;27:  49.5751
  28.0138;   3.1178;   9.8223;  29.6400;  38.9404;   7.5400;  14.5600;   8.0157;  10.5836;   4.5500;  11.6135;   4.1414;  12.3133;   2.8600;  22.7500;   4.1600;  11.2920;   4.5188;   3.0962;  13.6494
1:  43.3819;2:  56.3159;13:  38.4101;22:  31.2966;23:  26.4830;27:  49.2909
  28.2100;   3.1200;   9.7829;  29.6193;  39.0000;   7.5128;  14.5306;   8.0600;  10.6600;   4.5189;  11.6735;   4.1503;  12.2841;   2.8600;  22.7500;   4.1600;  11.3100;   4.5319;   3.1200;  13.7698
1:  42.8048;2:  55.6266;13:  39.6888;22:  31.1016;23:  26.7092;27:  49.6932
  27.9468;   3.0949;   9.8252;  29.6400;  38.6595;   7.5400;  14.5600;   8.0070;  10.6600;   4.5500;  11.7000;   4.1347;  12.3500;   2.8600;  22.6580;   4.1600;  11.2477;   4.5500;   3.0992;  13.7800
1:  45.9165;2:  59.3086;13:  34.8408;22:  30.6971;23:  26.0529;27:  48.2069
  27.9463;   3.1200;   9.8256;  29.5404;  38.9724;   7.4686;  14.5600;   7.9967;  10.5913;   4.5500;  11.7000;   4.1201;  12.3500;   2.8480;  22.7500;   4.1202;  11.2136;   4.5339;   3.0986;  13.7800
1:  42.9933;2:  55.8565;13:  38.9970;22:  31.1477;23:  26.5288;27:  49.5624
  28.2100;   3.1200;   9.8800;  29.6400;  38.9538;   7.5400;  14.5600;   8.0600;  10.6600;   4.5500;  11.7000;   4.1600;  12.2936;   2.8600;  22.6341;   4.1600;  11.2016;   4.5500;   3.1200;  13.7452
1:  43.3590;2:  56.2843;13:  38.7121;22:  31.3342;23:  26.4403;27:  49.4686
  27.9595;   3.1200;   9.8800;  29.6400;  38.7733;   7.5400;  14.4749;   8.0600;  10.6376;   4.5269;  11.6354;   4.1593;  12.3500;   2.8600;  22.7245;   4.1600;  11.2224;   4.5086;   3.1200;  13.7800
1:  45.0065;2:  58.2378;13:  35.9102;22:  31.1763;23:  26.0808;27:  48.7209
  28.2100;   3.1200;   9.8800;  29.6400;  39.0000;   7.4761;  14.5600;   8.0261;  10.5669;   4.5224;  11.7000;   4.1600;  12.3500;   2.8365;  22.7500;   4.1600;  11.3100;   4.5500;   3.1200;  13.7578
1:  42.8360;2:  55.6627;13:  39.6871;22:  31.0873;23:  26.7415;27:  49.6811
  28.0087;   3.0943;   9.8800;  29.4316;  39.0000;   7.4833;  14.5600;   8.0521;  10.6294;   4.5500;  11.6252;   4.1489;  12.2708;   2.8500;  22.7500;   4.1404;  11.3100;   4.5344;   3.1129;  13.7800
1:  42.6556;2:  55.4554;13:  39.6111;22:  31.1237;23:  26.6699;27:  49.6963
  28.2100;   3.1144;   9.8484;  29.6400;  39.0000;   7.4662;  14.5600;   8.0190;  10.6299;   4.5324;  11.7000;   4.1416;  12.3500;   2.8600;  22.6600;   4.1309;  11.2336;   4.5373;   3.0890;  13.7800
1:  42.8927;2:  55.7323;13:  39.4527;22:  31.1734;23:  26.5792;27:  49.6723
  28.0022;   3.1200;   9.8800;  29.6400;  38.8662;   7.5400;  14.4518;   8.0600;  10.6600;   4.5065;  11.7000;   4.1600;  12.3500;   2.8317;  22.7500;   4.1600;  11.3100;   4.5245;   3.0905;  13.6859
1:  44.1041;2:  57.1718;13:  37.2103;22:  31.5500;23:  26.2533;27:  48.9998
  28.2100;   3.0927;   9.8800;  29.4728;  38.8696;   7.5400;  14.5600;   8.0600;  10.6195;   4.5500;  11.5905;   4.1600;  12.3127;   2.8600;  22.7500;   4.1480;  11.3100;   4.5157;   3.1200;  13.7367
1:  44.1006;2:  57.1677;13:  37.2125;22:  31.5634;23:  26.2192;27:  49.0948
  28.2034;   3.1006;   9.8800;  29.6400;  38.8387;   7.5332;  14.5371;   8.0327;  10.6600;   4.5500;  11.6362;   4.1530;  12.3500;   2.8600;  22.5362;   4.1600;  11.3100;   4.5168;   3.1055;  13.7404
1:  44.4832;2:  57.6197;13:  36.6621;22:  31.5059;23:  26.1225;27:  48.9504
  28.1889;   3.1200;   9.8800;  29.5696;  38.8748;   7.5083;  14.5600;   8.0577;  10.6600;   4.5500;  11.7000;   4.1600;  12.2343;   2.8600;  22.7500;   4.1292;  11.3100;   4.5344;   3.1200;  13.6883
1:  44.0620;2:  57.1194;13:  37.4227;22:  31.5361;23:  26.2463;27:  49.0690
  28.1478;   3.1200;   9.8192;  29.6400;  38.7224;   7.5103;  14.5600;   8.0600;  10.6600;   4.5263;  11.6654;   4.1600;  12.2701;   2.8600;  22.7500;   4.1439;  11.3100;   4.5115;   3.1176;  13.7800
1:  45.4801;2:  58.7927;13:  35.4965;22:  30.9822;23:  26.0850;27:  48.4982
  27.9627;   3.1200;   9.8570;  29.6400;  39.0000;   7.5400;  14.5582;   8.0554;  10.6115;   4.5119;  11.6625;   4.1591;  12.2378;   2.8358;  22.7368;   4.1600;  11.3100;   4.5122;   3.1081;  13.7800
1:  42.7851;2:  55.6074;13:  39.4778;22:  31.1246;23:  26.6725;27:  49.6915
  28.2100;   3.1126;   9.8311;  29.6400;  38.6470;   7.5400;  14.4597;   7.9846;  10.6600;   4.5500;  11.7000;   4.1349;  12.3500;   2.8474;  22.7500;   4.1375;  11.2493;   4.5167;   3.0948;  13.6947
1:  46.2078;2:  59.6499;13:  34.5770;22:  30.5722;23:  26.0401;27:  48.0634
  28.2100;   3.1200;   9.8800;  29.6400;  38.8669;   7.5400;  14.4781;   8.0600;  10.6431;   4.5500;  11.7000;   4.1598;  12.3323;   2.8600;  22.7500;   4.1600;  11.3100;   4.5409;   3.1073;  13.7800
1:  44.1647;2:  57.2395;13:  37.3508;22:  31.5331;23:  26.2866;27:  49.1137
  27.9410;   3.1200;   9.8266;  29.5233;  39.0000;   7.4817;  14.5288;   8.0600;  10.6600;   4.5500;  11.7000;   4.1600;  12.3500;   2.8600;  22.7500;   4.1405;  11.3100;   4.5500;   3.1025;  13.7800
1:  42.6104;2:  55.3983;13:  39.8905;22:  31.0846;23:  26.7247;27:  49.6858
  27.9432;   3.1200;   9.8800;  29.4714;  39.0000;   7.5239;  14.5600;   8.0600;  10.5733;   4.5500;  11.6937;   4.1600;  12.3500;   2.8509;  22.7500;   4.1478;  11.2136;   4.5500;   3.1109;  13.7800
1:  42.6667;2:  55.4659;13:  39.7416;22:  31.0271;23:  26.6931;27:  49.6943
  28.0173;   3.1074;   9.8800;  29.3710;  39.0000;   7.5400;  14.5332;   8.0453;  10.6339;   4.5219;  11.6671;   4.1458;  12.2806;   2.8600;  22.6536;   4.1600;  11.2565;   4.5406;   3.0894;  13.7587
1:  42.6672;2:  55.4714;13:  39.4613;22:  31.1874;23:  26.6235;27:  49.6515
  28.2100;   3.1200;   9.7974;  29.5737;  39.0000;   7.4906;  14.4935;   8.0488;  10.6600;   4.5492;  11.6877;   4.1600;  12.3500;   2.8539;  22.5256;   4.1600;  11.2530;   4.5500;   3.1200;  13.6556
1:  42.8300;2:  55.6623;13:  39.3111;22:  31.3412;23:  26.5353;27:  49.5789
  28.2100;   3.1200;   9.8800;  29.5042;  39.0000;   7.4683;  14.5309;   8.0600;  10.6600;   4.5217;  11.7000;   4.1234;  12.3362;   2.8375;  22.5778;   4.1600;  11.3100;   4.5256;   3.1200;  13.7800
1:  42.8461;2:  55.6808;13:  39.3106;22:  31.3223;23:  26.5624;27:  49.7034
  28.0293;   3.1073;   9.8674;  29.5050;  38.6437;   7.5400;  14.4973;   8.0580;  10.5965;   4.5500;  11.5871;   4.1600;  12.3500;   2.8430;  22.7373;   4.1600;  11.3100;   4.5500;   3.1168;  13.7789
1:  46.0192;2:  59.4304;13:  34.6624;22:  30.6280;23:  26.0927;27:  48.1550
  27.9847;   3.1200;   9.8696;  29.6400;  38.6448;   7.5400;  14.5091;   8.0600;  10.5798;   4.5055;  11.7000;   4.1260;  12.3500;   2.8437;  22.7500;   4.1600;  11.2374;   4.5500;   3.1119;  13.7410
1:  46.0995;2:  59.5241;13:  34.6110;22:  30.5990;23:  26.0730;27:  48.1170
  28.1624;   3.1200;   9.8800;  29.3890;  38.6288;   7.5400;  14.5600;   8.0339;  10.6175;   4.5331;  11.6398;   4.1600;  12.3500;   2.8453;  22.7500;   4.1600;  11.3100;   4.5500;   3.1085;  13.7800
1:  46.1706;2:  59.6068;13:  34.5850;22:  30.5852;23:  26.0873;27:  48.0833
  28.2100;   3.0910;   9.8800;  29.4633;  39.0000;   7.5050;  14.5455;   8.0600;  10.6600;   4.5500;  11.6629;   4.1600;  12.3500;   2.8600;  22.7500;   4.1554;  11.2552;   4.5447;   3.1200;  13.7631
1:  42.7530;2:  55.5645;13:  39.8180;22:  31.0663;23:  26.6978;27:  49.6864
  28.0296;   3.1002;   9.8500;  29.6400;  38.8586;   7.5393;  14.5600;   8.0600;  10.6600;   4.5500;  11.6845;   4.1600;  12.2896;   2.8600;  22.7347;   4.1600;  11.3100;   4.5500;   3.1003;  13.7800
1:  44.1296;2:  57.2008;13:  37.2395;22:  31.5925;23:  26.2434;27:  49.0711
  28.0806;   3.1123;   9.8718;  29.4789;  39.0000;   7.4836;  14.5600;   8.0374;  10.6600;   4.5500;  11.7000;   4.1449;  12.2960;   2.8600;  22.7500;   4.1600;  11.2645;   4.5079;   3.0932;  13.6435
1:  42.7795;2:  55.5989;13:  39.5951;22:  31.0830;23:  26.6582;27:  49.5401
  28.2100;   3.0950;   9.7906;  29.6400;  39.0000;   7.5400;  14.5600;   8.0600;  10.6600;   4.5320;  11.7000;   4.1252;  12.2859;   2.8328;  22.7273;   4.1524;  11.2353;   4.5381;   3.1200;  13.7800
1:  42.8388;2:  55.6669;13:  39.6303;22:  31.0858;23:  26.6595;27:  49.7034
  28.1658;   3.1023;   9.8800;  29.6400;  38.6500;   7.5400;  14.4254;   8.0435;  10.6600;   4.5500;  11.7000;   4.1600;  12.3500;   2.8600;  22.6476;   4.1524;  11.2752;   4.5500;   3.1200;  13.7800
1:  46.1095;2:  59.5338;13:  34.7222;22:  30.6376;23:  26.0623;27:  48.1866
  28.0211;   3.1007;   9.7986;  29.6400;  38.6564;   7.5046;  14.4532;   8.0304;  10.6600;   4.5500;  11.7000;   4.1334;  12.3104;   2.8600;  22.5278;   4.1600;  11.2430;   4.5221;   3.1134;  13.7800
1:  46.0220;2:  59.4359;13:  34.5317;22:  30.5665;23:  26.0014;27:  48.2080
  28.2100;   3.1200;   9.8032;  29.6400;  38.8433;   7.5400;  14.4891;   8.0445;  10.6600;   4.5500;  11.7000;   4.1600;  12.3500;   2.8600;  22.7108;   4.1600;  11.3100;   4.5163;   3.1200;  13.6893
1:  44.4094;2:  57.5313;13:  36.8406;22:  31.5859;23:  26.1757;27:  48.9336
  28.0787;   3.1200;   9.8800;  29.5772;  39.0000;   7.5400;  14.5600;   8.0600;  10.6600;   4.5500;  11.5887;   4.1600;  12.3500;   2.8399;  22.6604;   4.1281;  11.3100;   4.5500;   3.1069;  13.7555
1:  42.7495;2:  55.5632;13:  39.6582;22:  31.2127;23:  26.6260;27:  49.6658
  28.2100;   3.1200;   9.8800;  29.3711;  38.8368;   7.5400;  14.5198;   8.0600;  10.6242;   4.5291;  11.6338;   4.1484;  12.3432;   2.8600;  22.6078;   4.1600;  11.3100;   4.5500;   3.1173;  13.7800
1:  44.3228;2:  57.4329;13:  36.7376;22:  31.5535;23:  26.1612;27:  48.9933
  28.2100;   3.1200;   9.8458;  29.6400;  38.6792;   7.5400;  14.5417;   7.9999;  10.6600;   4.5452;  11.6085;   4.1380;  12.3500;   2.8329;  22.6259;   4.1600;  11.3100;   4.5222;   3.1200;  13.7800
1:  45.8988;2:  59.2865;13:  34.9303;22:  30.7337;23:  26.0667;27:  48.3134
  28.2100;   3.1041;   9.8800;  29.6400;  39.0000;   7.4710;  14.5600;   7.9873;  10.6600;   4.5254;  11.7000;   4.1350;  12.3500;   2.8598;  22.6853;   4.1473;  11.3100;   4.5500;   3.1021;  13.7044
1:  42.8350;2:  55.6626;13:  39.6279;22:  31.1713;23:  26.6750;27:  49.6099
  28.2100;   3.1065;   9.8700;  29.6400;  38.9036;   7.4664;  14.5600;   8.0600;  10.6600;   4.5224;  11.6821;   4.1600;  12.3500;   2.8600;  22.7500;   4.1300;  11.2033;   4.5439;   3.1200;  13.6826
1:  43.8320;2:  56.8448;13:  37.9298;22:  31.3959;23:  26.2901;27:  49.1882
  28.2100;   3.1200;   9.8418;  29.6134;  39.0000;   7.4848;  14.5600;   8.0600;  10.6600;   4.5500;  11.7000;   4.1600;  12.2945;   2.8600;  22.6285;   4.1600;  11.2832;   4.5403;   3.1200;  13.6858
1:  42.8522;2:  55.6840;13:  39.5379;22:  31.2346;23:  26.6144;27:  49.6092
  28.2100;   3.0935;   9.8800;  29.4176;  38.7193;   7.4664;  14.5600;   8.0600;  10.6600;   4.5367;  11.7000;   4.1600;  12.3310;   2.8470;  22.7027;   4.1348;  11.2810;   4.5500;   3.0958;  13.7375
1:  45.3931;2:  58.6908;13:  35.5612;22:  31.0112;23:  26.0668;27:  48.4201
  28.1877;   3.0988;   9.8712;  29.6400;  38.9718;   7.5222;  14.5151;   8.0600;  10.6234;   4.5500;  11.7000;   4.1352;  12.3353;   2.8404;  22.5474;   4.1600;  11.2693;   4.5196;   3.0894;  13.7800
1:  43.2091;2:  56.1113;13:  38.6935;22:  31.4147;23:  26.4375;27:  49.5507
  28.2100;   3.0912;   9.8800;  29.6400;  38.9948;   7.4848;  14.5600;   8.0600;  10.6600;   4.5500;  11.7000;   4.1189;  12.3314;   2.8600;  22.6178;   4.1600;  11.3100;   4.5390;   3.0889;  13.7800
1:  42.9151;2:  55.7585;13:  39.4340;22:  31.2740;23:  26.6055;27:  49.6497
  28.2100;   3.1200;   9.8800;  29.6400;  39.0000;   7.5101;  14.5600;   8.0600;  10.6600;   4.5500;  11.7000;   4.1434;  12.3500;   2.8488;  22.7363;   4.1525;  11.3100;   4.5500;   3.1200;  13.7369
1:  42.8217;2:  55.6428;13:  39.8855;22:  31.0949;23:  26.7328;27:  49.6602
  27.9488;   3.1200;   9.8800;  29.6400;  39.0000;   7.5400;  14.5600;   8.0600;  10.6600;   4.5394;  11.7000;   4.1600;  12.3500;   2.8360;  22.7500;   4.1190;  11.2935;   4.5393;   3.1200;  13.6952
1:  42.7225;2:  55.5281;13:  39.8814;22:  31.0654;23:  26.6951;27:  49.6186
  28.2100;   3.1092;   9.8785;  29.6400;  39.0000;   7.5377;  14.5600;   8.0600;  10.6600;   4.5251;  11.7000;   4.1600;  12.3500;   2.8590;  22.6044;   4.1305;  11.3008;   4.5500;   3.1200;  13.7354
1:  42.8491;2:  55.6786;13:  39.6461;22:  31.2449;23:  26.6132;27:  49.6587
  28.2100;   3.1200;   9.8386;  29.3861;  38.6186;   7.5400;  14.5600;   7.9892;  10.6600;   4.5500;  11.6513;   4.1431;  12.3500;   2.8600;  22.7500;   4.1212;  11.3100;   4.5155;   3.1200;  13.7800
1:  46.3217;2:  59.7848;13:  34.3986;22:  30.4939;23:  26.0237;27:  48.0508
  28.0154;   3.1200;   9.8800;  29.6087;  38.8153;   7.5400;  14.5564;   8.0600;  10.6600;   4.5083;  11.7000;   4.1284;  12.3500;   2.8600;  22.7500;   4.1522;  11.2098;   4.5500;   3.1200;  13.7413
1:  44.5774;2:  57.7302;13:  36.5714;22:  31.4636;23:  26.1188;27:  48.8644
  27.9290;   3.1200;   9.8800;  29.5411;  39.0000;   7.5400;  14.5600;   8.0005;  10.6600;   4.5251;  11.5916;   4.1385;  12.3500;   2.8596;  22.7500;   4.1600;  11.3100;   4.5310;   3.1200;  13.6572
1:  42.6819;2:  55.4848;13:  39.6666;22:  31.1030;23:  26.7069;27:  49.5806
  28.2100;   3.1029;   9.8800;  29.5953;  38.7504;   7.4851;  14.5600;   8.0600;  10.5688;   4.5500;  11.7000;   4.1600;  12.2604;   2.8356;  22.7500;   4.1600;  11.2741;   4.5500;   3.1200;  13.7800
1:  45.2189;2:  58.4858;13:  35.7746;22:  31.1153;23:  26.1365;27:  48.6215
  28.2100;   3.1200;   9.8800;  29.6330;  38.9481;   7.5400;  14.5088;   7.9857;  10.6117;   4.5500;  11.7000;   4.1293;  12.3203;   2.8371;  22.6293;   4.1600;  11.2068;   4.5500;   3.1200;  13.7800
1:  43.4275;2:  56.3695;13:  38.3628;22:  31.3581;23:  26.4238;27:  49.4784
  28.0737;   3.1138;   9.8520;  29.6400;  39.0000;   7.4648;  14.4869;   8.0600;  10.6600;   4.5500;  11.6761;   4.1600;  12.3500;   2.8600;  22.6015;   4.1415;  11.3100;   4.5500;   3.1200;  13.7800
1:  42.7753;2:  55.5958;13:  39.4962;22:  31.2823;23:  26.5973;27:  49.7034
  28.2100;   3.1200;   9.8800;  29.5941;  38.9099;   7.4654;  14.4615;   8.0600;  10.6392;   4.5209;  11.6311;   4.1600;  12.2335;   2.8382;  22.7500;   4.1600;  11.2218;   4.5380;   3.1195;  13.7650
1:  43.7760;2:  56.7840;13:  37.6922;22:  31.4217;23:  26.3070;27:  49.2973
  28.2100;   3.1200;   9.8800;  29.6400;  39.0000;   7.5400;  14.5600;   8.0600;  10.6600;   4.5500;  11.7000;   4.1600;  12.3500;   2.8600;  22.7500;   4.1600;  11.3100;   4.5500;   3.1200;  13.7800
1:  42.8144;2:  55.6326;13:  39.9808;22:  31.0631;23:  26.7657;27:  49.7034
  28.1710;   3.1200;   9.8762;  29.6400;  39.0000;   7.5400;  14.5600;   8.0600;  10.6600;   4.5052;  11.7000;   4.1193;  12.2691;   2.8600;  22.7500;   4.1600;  11.3100;   4.5500;   3.1200;  13.7800
1:  42.8070;2:  55.6275;13:  39.7842;22:  31.0870;23:  26.7418;27:  49.7034
  28.2100;   3.1200;   9.8800;  29.6400;  38.6550;   7.5400;  14.5600;   8.0600;  10.6600;   4.5211;  11.6806;   4.1600;  12.2924;   2.8600;  22.6906;   4.1600;  11.3100;   4.5500;   3.1110;  13.6806
1:  46.0793;2:  59.4962;13:  34.8795;22:  30.7015;23:  26.0849;27:  48.1000
  28.0951;   3.0898;   9.8800;  29.6400;  39.0000;   7.5139;  14.5600;   7.9915;  10.6600;   4.5500;  11.6661;   4.1476;  12.3500;   2.8380;  22.7500;   4.1581;  11.3070;   4.5381;   3.1190;  13.7099
1:  42.7823;2:  55.5997;13:  39.7379;22:  31.0869;23:  26.7251;27:  49.6322
  28.2100;   3.1200;   9.8800;  29.6400;  39.0000;   7.5400;  14.5189;   8.0600;  10.5704;   4.5500;  11.7000;   4.1365;  12.2782;   2.8553;  22.7500;   4.1379;  11.3100;   4.5500;   3.1200;  13.7800
1:  42.8369;2:  55.6636;13:  39.6966;22:  31.0710;23:  26.7357;27:  49.7034
  28.2100;   3.1200;   9.8800;  29.6056;  38.9804;   7.5400;  14.5600;   8.0058;  10.6600;   4.5500;  11.7000;   4.1330;  12.3500;   2.8600;  22.7500;   4.1527;  11.3100;   4.5312;   3.1200;  13.7178
1:  43.0364;2:  55.8987;13:  39.4425;22:  31.1352;23:  26.6675;27:  49.5561
  28.1358;   3.1200;   9.8800;  29.5644;  39.0000;   7.5400;  14.5600;   8.0600;  10.6600;   4.5500;  11.7000;   4.1302;  12.3429;   2.8600;  22.7500;   4.1600;  11.3100;   4.5500;   3.1200;  13.7800
1:  42.7467;2:  55.5551;13:  39.9395;22:  31.0666;23:  26.7622;27:  49.7034
  27.9325;   3.1200;   9.8538;  29.6400;  39.0000;   7.5400;  14.5600;   8.0600;  10.6600;   4.5185;  11.6332;   4.1600;  12.3500;   2.8429;  22.7055;   4.1309;  11.3100;   4.5500;   3.1139;  13.7019
1:  42.6883;2:  55.4905;13:  39.7646;22:  31.1474;23:  26.6731;27:  49.6192
  28.2100;   3.1048;   9.8800;  29.6400;  38.9427;   7.5248;  14.5600;   8.0600;  10.6563;   4.5500;  11.7000;   4.1312;  12.3084;   2.8600;  22.7500;   4.1600;  11.3100;   4.5500;   3.0909;  13.7800
1:  43.3876;2:  56.3157;13:  38.8110;22:  31.2783;23:  26.5505;27:  49.4262
  27.9770;   3.0949;   9.8800;  29.6400;  39.0000;   7.4917;  14.5357;   8.0600;  10.6600;   4.5326;  11.6066;   4.1430;  12.3500;   2.8355;  22.5498;   4.1373;  11.3100;   4.5477;   3.1030;  13.7414
1:  42.7568;2:  55.5775;13:  39.3168;22:  31.3676;23:  26.5296;27:  49.6478
  28.2100;   3.1017;   9.7826;  29.6400;  39.0000;   7.5400;  14.4230;   8.0443;  10.6600;   4.5185;  11.7000;   4.1479;  12.3338;   2.8600;  22.6964;   4.1600;  11.2893;   4.5500;   3.0996;  13.7720
1:  42.7895;2:  55.6100;13:  39.6215;22:  31.1291;23:  26.7040;27:  49.6750
  28.2100;   3.1184;   9.8316;  29.6400;  38.6958;   7.5400;  14.4847;   8.0600;  10.6337;   4.5367;  11.7000;   4.1600;  12.3500;   2.8362;  22.6605;   4.1448;  11.3100;   4.5500;   3.1122;  13.7797
1:  45.6922;2:  59.0419;13:  35.2655;22:  30.8800;23:  26.0977;27:  48.3772
  28.2100;   3.1058;   9.8800;  29.6400;  38.6730;   7.5344;  14.5228;   8.0600;  10.6431;   4.5500;  11.6523;   4.1455;  12.2270;   2.8600;  22.6397;   4.1600;  11.3100;   4.5500;   3.1042;  13.7107
1:  45.9183;2:  59.3091;13:  34.9296;22:  30.7344;23:  26.0858;27:  48.2011
  28.2100;   3.1191;   9.8800;  29.3578;  39.0000;   7.4815;  14.5600;   7.9941;  10.5773;   4.5390;  11.7000;   4.1440;  12.2759;   2.8600;  22.7500;   4.1600;  11.2259;   4.5500;   3.1200;  13.7800
1:  42.7435;2:  55.5583;13:  39.5348;22:  31.0567;23:  26.6881;27:  49.7034
  28.2100;   3.1200;   9.8026;  29.6400;  39.0000;   7.5400;  14.5600;   8.0554;  10.6598;   4.5500;  11.6174;   4.1510;  12.2396;   2.8444;  22.5772;   4.1600;  11.3010;   4.5383;   3.1193;  13.7800
1:  42.8640;2:  55.7016;13:  39.3087;22:  31.3239;23:  26.5649;27:  49.7026
  28.0510;   3.1092;   9.8662;  29.4923;  39.0000;   7.5400;  14.5600;   8.0441;  10.6469;   4.5317;  11.6386;   4.1600;  12.2656;   2.8560;  22.7444;   4.1295;  11.2392;   4.5258;   3.1198;  13.7800
1:  42.7504;2:  55.5656;13:  39.5753;22:  31.0812;23:  26.6247;27:  49.7032
  28.2100;   3.1096;   9.8114;  29.6400;  38.7073;   7.5400;  14.5600;   8.0600;  10.6600;   4.5500;  11.7000;   4.1416;  12.3165;   2.8600;  22.5689;   4.1600;  11.2474;   4.5500;   3.1124;  13.7800
1:  45.6129;2:  58.9489;13:  35.3375;22:  30.9070;23:  26.0514;27:  48.4275
  27.9784;   3.0969;   9.8755;  29.6048;  39.0000;   7.4699;  14.5600;   8.0600;  10.6600;   4.5500;  11.7000;   4.1600;  12.3500;   2.8524;  22.7500;   4.1600;  11.3100;   4.5500;   3.1200;  13.6686
1:  42.6804;2:  55.4792;13:  39.8961;22:  31.0906;23:  26.7382;27:  49.5919
  28.2100;   3.1198;   9.8468;  29.6400;  39.0000;   7.5381;  14.4410;   8.0362;  10.5902;   4.5169;  11.7000;   4.1600;  12.3500;   2.8448;  22.7500;   4.1282;  11.2500;   4.5500;   3.1200;  13.7800
1:  42.8407;2:  55.6693;13:  39.6216;22:  31.0415;23:  26.6955;27:  49.7034
  28.2100;   3.1200;   9.8643;  29.6400;  38.6129;   7.4959;  14.5588;   8.0226;  10.6600;   4.5500;  11.6853;   4.1600;  12.3500;   2.8600;  22.7500;   4.1600;  11.3100;   4.5379;   3.1200;  13.7800
1:  46.4669;2:  59.9521;13:  34.4337;22:  30.5003;23:  26.0686;27:  48.0260
  28.2100;   3.1107;   9.8800;  29.6400;  39.0000;   7.5349;  14.5600;   8.0600;  10.6600;   4.5500;  11.6810;   4.1600;  12.3500;   2.8600;  22.7500;   4.1600;  11.2709;   4.5500;   3.1200;  13.7800
1:  42.8293;2:  55.6511;13:  39.9141;22:  31.0550;23:  26.7347;27:  49.7034
  28.0943;   3.0921;   9.7914;  29.4061;  38.6108;   7.5400;  14.4391;   8.0600;  10.6600;   4.5500;  11.7000;   4.1347;  12.3018;   2.8600;  22.7194;   4.1600;  11.3100;   4.5386;   3.1128;  13.7800
1:  46.2733;2:  59.7304;13:  34.3058;22:  30.4708;23:  26.0710;27:  48.0098
  28.2100;   3.1200;   9.8800;  29.3773;  38.7292;   7.5400;  14.5600;   7.9938;  10.6600;   4.5484;  11.6285;   4.1322;  12.3500;   2.8600;  22.5637;   4.1409;  11.2357;   4.5500;   3.1200;  13.6807
1:  45.3293;2:  58.6184;13:  35.4837;22:  30.9838;23:  26.0347;27:  48.4307
  28.2100;   3.1069;   9.7960;  29.4660;  39.0000;   7.5015;  14.4504;   7.9866;  10.6600;   4.5500;  11.7000;   4.1600;  12.3500;   2.8401;  22.7500;   4.1600;  11.2977;   4.5500;   3.0972;  13.7306
1:  42.7002;2:  55.5053;13:  39.7098;22:  31.0734;23:  26.7431;27:  49.6311
  28.0112;   3.1127;   9.8035;  29.4800;  39.0000;   7.5342;  14.5600;   8.0600;  10.6600;   4.5374;  11.6253;   4.1600;  12.3500;   2.8600;  22.7500;   4.1333;  11.3100;   4.5111;   3.1034;  13.7800
1:  42.6827;2:  55.4848;13:  39.7247;22:  31.0976;23:  26.6656;27:  49.6868
  28.1206;   3.1200;   9.8157;  29.6400;  38.6102;   7.5400;  14.5600;   8.0600;  10.6600;   4.5060;  11.7000;   4.1600;  12.3500;   2.8563;  22.6510;   4.1331;  11.3100;   4.5311;   3.1018;  13.7800
1:  46.4446;2:  59.9277;13:  34.3566;22:  30.4662;23:  26.0147;27:  47.9959
  28.0594;   3.0905;   9.8054;  29.6400;  38.9264;   7.5400;  14.5600;   8.0425;  10.5590;   4.5276;  11.7000;   4.1600;  12.2878;   2.8600;  22.7500;   4.1385;  11.2267;   4.5500;   3.1200;  13.7253
1:  43.4942;2:  56.4482;13:  38.2729;22:  31.2925;23:  26.4315;27:  49.3299
  28.0421;   3.0940;   9.8800;  29.3979;  38.8884;   7.5154;  14.4169;   8.0600;  10.6600;   4.5500;  11.6709;   4.1600;  12.3500;   2.8386;  22.7500;   4.1600;  11.2080;   4.5500;   3.1200;  13.6745
1:  43.7706;2:  56.7794;13:  37.5956;22:  31.4357;23:  26.2911;27:  49.1141
  27.9381;   3.1200;   9.8075;  29.5703;  38.9016;   7.4779;  14.5600;   8.0600;  10.6600;   4.5301;  11.6097;   4.1472;  12.3137;   2.8325;  22.6410;   4.1227;  11.3100;   4.5500;   3.1200;  13.7139
1:  43.6438;2:  56.6318;13:  37.6576;22:  31.6099;23:  26.2325;27:  49.2107
  28.2100;   3.1137;   9.8800;  29.6400;  39.0000;   7.5400;  14.5600;   8.0112;  10.5613;   4.5500;  11.7000;   4.1247;  12.2633;   2.8318;  22.7471;   4.1600;  11.3100;   4.5500;   3.0987;  13.7140
1:  42.8450;2:  55.6746;13:  39.6001;22:  31.0803;23:  26.7499;27:  49.6161
  28.2100;   3.1200;   9.8800;  29.6400;  38.8901;   7.5400;  14.5600;   8.0526;  10.5874;   4.5401;  11.6140;   4.1600;  12.3183;   2.8600;  22.5874;   4.1551;  11.3100;   4.5136;   3.1200;  13.7669
1:  44.0375;2:  57.0947;13:  37.2158;22:  31.6839;23:  26.1794;27:  49.2141
  28.2100;   3.0932;   9.8246;  29.6400;  39.0000;   7.4962;  14.5463;   7.9829;  10.6600;   4.5393;  11.6261;   4.1600;  12.3352;   2.8600;  22.6112;   4.1600;  11.2761;   4.5500;   3.1180;  13.7800
1:  42.8397;2:  55.6719;13:  39.3965;22:  31.2610;23:  26.5987;27:  49.7013
  28.0345;   3.0961;   9.8064;  29.6400;  39.0000;   7.5400;  14.5468;   8.0590;  10.6600;   4.5500;  11.7000;   4.1318;  12.3372;   2.8600;  22.7500;   4.1445;  11.2046;   4.5243;   3.1200;  13.7107
1:  42.7913;2:  55.6109;13:  39.6975;22:  31.0298;23:  26.6525;27:  49.6341
  28.1155;   3.1200;   9.8800;  29.6400;  38.8726;   7.5400;  14.5600;   8.0015;  10.6479;   4.5488;  11.6495;   4.1600;  12.3500;   2.8600;  22.7500;   4.1600;  11.3100;   4.5500;   3.1200;  13.7374
1:  44.0512;2:  57.1060;13:  37.4786;22:  31.5217;23:  26.3071;27:  49.1085
  28.0698;   3.1106;   9.8001;  29.6400;  38.7546;   7.5051;  14.5383;   7.9991;  10.6365;   4.5500;  11.7000;   4.1264;  12.3188;   2.8569;  22.6681;   4.1600;  11.2661;   4.5080;   3.1162;  13.7800
1:  45.1815;2:  58.4441;13:  35.6765;22:  31.0760;23:  26.0905;27:  48.6360
  28.2100;   3.1200;   9.8800;  29.5877;  38.6867;   7.5030;  14.5600;   8.0600;  10.6600;   4.5500;  11.7000;   4.1600;  12.3020;   2.8600;  22.7500;   4.1321;  11.2366;   4.5343;   3.1200;  13.7800
1:  45.8263;2:  59.1987;13:  35.1674;22:  30.8225;23:  26.0318;27:  48.3456
  28.1587;   3.0949;   9.8115;  29.4280;  38.7909;   7.5400;  14.5130;   8.0600;  10.6404;   4.5141;  11.5905;   4.1220;  12.3500;   2.8600;  22.7500;   4.1184;  11.3100;   4.5306;   3.0909;  13.7429
1:  44.7189;2:  57.8997;13:  36.2308;22:  31.3245;23:  26.1118;27:  48.7310
  28.2100;   3.1200;   9.8600;  29.6400;  38.8668;   7.5400;  14.5502;   8.0600;  10.6600;   4.5500;  11.7000;   4.1502;  12.3271;   2.8563;  22.6131;   4.1250;  11.2287;   4.5260;   3.1200;  13.7800
1:  44.2525;2:  57.3467;13:  37.0207;22:  31.6531;23:  26.0841;27:  49.1263
  28.2100;   3.1200;   9.8800;  29.6400;  39.0000;   7.5400;  14.5600;   8.0600;  10.6008;   4.5500;  11.6338;   4.1574;  12.3500;   2.8476;  22.6637;   4.1541;  11.3033;   4.5500;   3.0923;  13.7416
1:  42.8509;2:  55.6809;13:  39.6292;22:  31.1859;23:  26.6705;27:  49.6373
  28.1381;   3.1049;   9.8800;  29.6400;  39.0000;   7.5400;  14.5600;   8.0130;  10.5711;   4.5500;  11.6615;   4.1600;  12.2429;   2.8371;  22.7500;   4.1600;  11.2873;   4.5500;   3.1200;  13.6894
1:  42.8146;2:  55.6397;13:  39.5821;22:  31.0797;23:  26.7263;27:  49.6127
  28.2100;   3.1000;   9.8800;  29.6400;  39.0000;   7.5400;  14.5354;   8.0600;  10.6384;   4.5500;  11.5946;   4.1203;  12.2446;   2.8600;  22.6292;   4.1214;  11.3100;   4.5500;   3.1200;  13.7800
1:  42.8554;2:  55.6903;13:  39.3881;22:  31.2644;23:  26.5822;27:  49.7034
  28.2100;   3.1200;   9.8800;  29.6400;  39.0000;   7.5400;  14.5369;   8.0600;  10.6309;   4.5500;  11.6083;   4.1462;  12.3500;   2.8600;  22.7500;   4.1255;  11.2581;   4.5336;   3.1200;  13.6889
1:  42.8783;2:  55.7118;13:  39.6800;22:  31.0722;23:  26.6538;27:  49.6123
  28.2100;   3.0907;   9.8800;  29.3736;  39.0000;   7.5357;  14.5600;   8.0600;  10.6600;   4.5369;  11.7000;   4.1244;  12.3500;   2.8600;  22.7500;   4.1334;  11.3100;   4.5056;   3.1200;  13.7541
1:  42.7588;2:  55.5724;13:  39.7479;22:  31.0781;23:  26.6798;27:  49.6775
  28.2100;   3.1200;   9.8185;  29.4516;  39.0000;   7.5400;  14.5600;   8.0145;  10.5607;   4.5360;  11.7000;   4.1468;  12.3442;   2.8512;  22.7500;   4.1325;  11.2664;   4.5076;   3.1200;  13.7800
1:  42.8165;2:  55.6428;13:  39.5319;22:  31.0499;23:  26.6655;27:  49.7034
  28.2100;   3.1161;   9.8520;  29.4235;  39.0000;   7.4885;  14.5600;   8.0600;  10.6600;   4.5311;  11.7000;   4.1600;  12.3500;   2.8600;  22.7390;   4.1600;  11.2334;   4.5198;   3.1200;  13.7285
1:  42.7919;2:  55.6117;13:  39.6893;22:  31.0736;23:  26.6535;27:  49.6519
  28.0607;   3.1074;   9.8230;  29.3494;  39.0000;   7.5400;  14.5600;   8.0600;  10.6600;   4.5096;  11.6988;   4.1600;  12.3500;   2.8415;  22.7500;   4.1600;  11.3100;   4.5500;   3.1200;  13.7797
1:  42.5735;2:  55.3550;13:  39.9297;22:  31.0739;23:  26.7549;27:  49.7031
  28.0664;   3.0952;   9.8800;  29.6400;  38.7991;   7.5400;  14.5021;   8.0411;  10.6600;   4.5100;  11.5889;   4.1600;  12.3500;   2.8360;  22.7199;   4.1600;  11.2381;   4.5500;   3.0963;  13.7800
1:  44.7330;2:  57.9150;13:  36.2895;22:  31.3460;23:  26.1203;27:  48.8093
  28.0661;   3.1200;   9.8111;  29.3890;  39.0000;   7.4809;  14.4900;   8.0019;  10.6600;   4.5430;  11.6102;   4.1546;  12.2448;   2.8600;  22.7500;   4.1600;  11.3100;   4.5336;   3.1200;  13.7800
1:  42.6447;2:  55.4450;13:  39.4798;22:  31.1323;23:  26.6800;27:  49.7034
  28.0628;   3.1200;   9.8800;  29.5635;  39.0000;   7.5043;  14.5574;   8.0600;  10.6600;   4.5359;  11.6924;   4.1475;  12.3348;   2.8438;  22.5675;   4.1600;  11.3100;   4.5219;   3.1153;  13.7800
1:  42.8116;2:  55.6397;13:  39.3813;22:  31.3196;23:  26.5663;27:  49.6986
  28.2100;   3.1090;   9.8800;  29.6400;  39.0000;   7.5400;  14.4739;   8.0584;  10.5570;   4.5299;  11.7000;   4.1214;  12.2381;   2.8600;  22.6597;   4.1284;  11.2045;   4.5500;   3.1043;  13.7384
1:  42.9101;2:  55.7557;13:  39.2573;22:  31.1492;23:  26.5846;27:  49.6461
  28.0108;   3.1200;   9.8800;  29.6400;  39.0000;   7.5387;  14.4373;   8.0012;  10.6031;   4.5500;  11.7000;   4.1600;  12.3108;   2.8461;  22.7500;   4.1600;  11.2182;   4.5437;   3.1178;  13.7596
1:  42.7930;2:  55.6157;13:  39.5272;22:  31.0302;23:  26.7006;27:  49.6808
  27.9772;   3.1200;   9.8069;  29.6400;  39.0000;   7.5341;  14.5600;   8.0436;  10.6600;   4.5500;  11.7000;   4.1593;  12.3500;   2.8525;  22.6287;   4.1600;  11.2272;   4.5385;   3.1200;  13.7800
1:  42.7658;2:  55.5836;13:  39.5643;22:  31.1853;23:  26.6057;27:  49.7034
  27.9828;   3.1200;   9.7846;  29.5269;  39.0000;   7.4746;  14.5063;   7.9989;  10.5963;   4.5500;  11.6119;   4.1289;  12.3058;   2.8600;  22.7500;   4.1185;  11.2124;   4.5295;   3.1200;  13.7800
1:  42.7222;2:  55.5374;13:  39.3252;22:  31.0808;23:  26.5885;27:  49.7034
  28.2100;   3.0976;   9.8573;  29.6400;  39.0000;   7.5400;  14.5531;   7.9826;  10.5932;   4.5500;  11.6217;   4.1600;  12.3500;   2.8600;  22.5838;   4.1391;  11.2595;   4.5383;   3.1154;  13.6902
1:  42.8994;2:  55.7432;13:  39.2669;22:  31.2662;23:  26.5571;27:  49.6089
  28.0897;   3.1200;   9.8800;  29.4756;  38.6424;   7.5202;  14.5600;   7.9927;  10.5538;   4.5259;  11.7000;   4.1600;  12.2424;   2.8600;  22.5858;   4.1600;  11.2681;   4.5500;   3.1200;  13.7800
1:  46.0993;2:  59.5272;13:  34.4241;22:  30.5275;23:  26.0546;27:  48.1539
  28.2100;   3.1046;   9.8800;  29.6400;  39.0000;   7.4942;  14.4377;   8.0600;  10.6600;   4.5297;  11.7000;   4.1256;  12.2427;   2.8424;  22.7500;   4.1600;  11.2832;   4.5191;   3.0919;  13.7800
1:  42.8944;2:  55.7346;13:  39.4357;22:  31.1031;23:  26.6681;27:  49.6753
  28.1750;   3.0943;   9.8079;  29.6031;  39.0000;   7.5142;  14.5342;   8.0600;  10.6600;   4.5500;  11.6260;   4.1600;  12.3500;   2.8381;  22.7500;   4.1238;  11.2616;   4.5099;   3.0955;  13.7800
1:  42.8403;2:  55.6691;13:  39.6014;22:  31.0883;23:  26.6158;27:  49.6788
  28.2100;   3.1200;   9.8708;  29.6400;  39.0000;   7.5400;  14.4206;   7.9816;  10.6212;   4.5212;  11.7000;   4.1264;  12.3024;   2.8600;  22.7500;   4.1600;  11.3100;   4.5324;   3.1180;  13.6463
1:  42.8630;2:  55.6973;13:  39.4917;22:  31.0751;23:  26.7361;27:  49.5677
  28.0182;   3.1074;   9.8800;  29.6400;  39.0000;   7.5400;  14.5600;   8.0299;  10.6600;   4.5166;  11.6560;   4.1600;  12.2786;   2.8600;  22.5406;   4.1600;  11.3100;   4.5074;   3.0951;  13.6480
1:  42.8615;2:  55.7010;13:  39.1747;22:  31.3605;23:  26.5235;27:  49.5464
  28.2100;   3.1200;   9.8622;  29.5791;  39.0000;   7.5400;  14.4894;   8.0383;  10.6600;   4.5500;  11.7000;   4.1600;  12.3500;   2.8600;  22.7500;   4.1600;  11.3100;   4.5142;   3.1114;  13.7800
1:  42.8454;2:  55.6727;13:  39.7387;22:  31.0691;23:  26.7239;27:  49.6947
  27.9655;   3.0892;   9.8354;  29.6400;  39.0000;   7.5400;  14.5600;   8.0600;  10.6600;   4.5479;  11.7000;   4.1600;  12.3500;   2.8555;  22.7500;   4.1600;  11.2530;   4.5065;   3.1200;  13.7800
1:  42.7761;2:  55.5926;13:  39.7327;22:  31.0498;23:  26.6785;27:  49.7034
  28.0656;   3.1072;   9.8800;  29.5748;  39.0000;   7.5400;  14.4158;   7.9816;  10.6600;   4.5140;  11.6676;   4.1371;  12.3500;   2.8600;  22.6767;   4.1572;  11.3100;   4.5500;   3.0889;  13.7681
1:  42.7366;2:  55.5510;13:  39.4964;22:  31.1678;23:  26.6924;27:  49.6603
  27.9354;   3.1200;   9.8054;  29.5281;  38.9486;   7.5400;  14.4421;   7.9928;  10.6600;   4.5439;  11.7000;   4.1554;  12.3500;   2.8600;  22.7500;   4.1600;  11.3100;   4.5177;   3.1178;  13.7674
1:  43.1776;2:  56.0749;13:  38.6896;22:  31.2476;23:  26.5489;27:  49.4661
  28.2100;   3.1120;   9.8800;  29.6400;  38.7056;   7.4869;  14.5600;   8.0600;  10.6600;   4.5500;  11.6824;   4.1600;  12.2406;   2.8600;  22.5790;   4.1600;  11.3100;   4.5500;   3.1200;  13.7089
1:  45.6299;2:  58.9691;13:  35.3056;22:  30.8974;23:  26.0770;27:  48.3564
  27.9349;   3.1200;   9.7983;  29.6400;  39.0000;   7.5030;  14.5600;   8.0012;  10.6600;   4.5258;  11.6211;   4.1518;  12.3500;   2.8498;  22.7473;   4.1600;  11.3100;   4.5500;   3.1200;  13.7800
1:  42.6619;2:  55.4606;13:  39.7271;22:  31.1083;23:  26.7218;27:  49.7034
  28.2100;   3.0947;   9.8800;  29.6400;  38.9602;   7.5400;  14.5600;   8.0600;  10.6600;   4.5137;  11.7000;   4.1210;  12.3500;   2.8585;  22.7500;   4.1600;  11.2301;   4.5091;   3.1200;  13.7800
1:  43.3203;2:  56.2363;13:  38.9019;22:  31.1873;23:  26.5206;27:  49.5308
  28.2100;   3.1200;   9.8800;  29.4463;  39.0000;   7.5400;  14.5600;   8.0600;  10.6600;   4.5051;  11.7000;   4.1583;  12.3500;   2.8422;  22.6432;   4.1600;  11.3100;   4.5500;   3.1101;  13.7800
1:  42.7475;2:  55.5601;13:  39.7055;22:  31.2066;23:  26.6721;27:  49.6934
  28.2100;   3.1200;   9.8800;  29.5782;  39.0000;   7.5400;  14.5600;   8.0600;  10.5967;   4.5500;  11.6498;   4.1300;  12.2568;   2.8550;  22.7500;   4.1466;  11.3100;   4.5476;   3.1200;  13.7800
1:  42.8118;2:  55.6349;13:  39.6777;22:  31.0931;23:  26.7200;27:  49.7034
  28.0193;   3.0929;   9.7893;  29.6400;  39.0000;   7.5400;  14.5437;   8.0600;  10.6600;   4.5255;  11.6801;   4.1199;  12.3199;   2.8600;  22.5334;   4.1600;  11.3100;   4.5181;   3.1200;  13.7565
1:  42.7946;2:  55.6223;13:  39.2540;22:  31.3559;23:  26.5420;27:  49.6799
  28.1121;   3.0937;   9.8800;  29.6400;  38.7725;   7.5400;  14.5020;   8.0183;  10.6600;   4.5274;  11.6036;   4.1600;  12.2970;   2.8600;  22.7500;   4.1600;  11.3100;   4.5345;   3.1200;  13.6804
1:  44.9876;2:  58.2140;13:  36.0219;22:  31.2291;23:  26.1507;27:  48.6181
  28.0730;   3.1186;   9.8611;  29.6400;  38.9418;   7.5400;  14.5600;   8.0600;  10.6600;   4.5500;  11.7000;   4.1517;  12.2660;   2.8417;  22.7440;   4.1600;  11.2293;   4.5500;   3.1200;  13.7447
1:  43.3712;2:  56.2991;13:  38.6746;22:  31.2606;23:  26.4903;27:  49.4161
  27.9539;   3.1151;   9.8395;  29.6400;  39.0000;   7.4867;  14.5600;   8.0600;  10.6600;   4.5500;  11.6519;   4.1470;  12.2924;   2.8600;  22.7500;   4.1600;  11.3100;   4.5500;   3.1161;  13.7800
1:  42.6855;2:  55.4871;13:  39.7819;22:  31.1083;23:  26.7205;27:  49.6995
  28.0331;   3.0916;   9.8800;  29.4275;  39.0000;   7.5237;  14.5240;   8.0203;  10.5858;   4.5500;  11.7000;   4.1600;  12.3500;   2.8487;  22.5803;   4.1600;  11.3100;   4.5500;   3.1200;  13.7343
1:  42.6719;2:  55.4773;13:  39.4343;22:  31.2743;23:  26.6337;27:  49.6577
  28.2100;   3.1002;   9.8800;  29.6400;  39.0000;   7.5400;  14.5600;   7.9866;  10.6488;   4.5106;  11.7000;   4.1583;  12.2637;   2.8525;  22.6246;   4.1600;  11.2865;   4.5392;   3.1071;  13.7800
1:  42.8842;2:  55.7234;13:  39.3970;22:  31.2295;23:  26.6234;27:  49.6905
  28.1201;   3.1200;   9.8800;  29.5585;  38.6412;   7.5400;  14.4145;   7.9908;  10.6083;   4.5290;  11.7000;   4.1344;  12.2901;   2.8600;  22.7500;   4.1442;  11.3100;   4.5468;   3.1200;  13.7591
1:  46.1292;2:  59.5600;13:  34.5219;22:  30.5688;23:  26.1092;27:  48.1279
  28.2100;   3.1103;   9.8800;  29.6400;  38.6830;   7.5400;  14.4518;   8.0600;  10.6151;   4.5500;  11.7000;   4.1465;  12.3268;   2.8600;  22.6513;   4.1600;  11.2413;   4.5500;   3.0991;  13.7061
1:  45.8599;2:  59.2402;13:  35.0071;22:  30.7664;23:  26.0730;27:  48.2348
  28.0319;   3.1162;   9.8800;  29.4648;  38.7809;   7.5400;  14.4749;   7.9890;  10.5785;   4.5130;  11.6054;   4.1411;  12.3217;   2.8481;  22.7500;   4.1261;  11.2686;   4.5143;   3.1111;  13.7800
1:  44.8629;2:  58.0723;13:  35.8723;22:  31.1785;23:  26.1044;27:  48.7452
  28.1434;   3.1200;   9.8800;  29.6400;  39.0000;   7.5400;  14.5600;   8.0600;  10.6585;   4.5500;  11.6008;   4.1600;  12.3500;   2.8600;  22.7500;   4.1600;  11.3100;   4.5165;   3.1200;  13.7261
1:  42.8501;2:  55.6782;13:  39.7323;22:  31.0999;23:  26.6955;27:  49.6494
  28.2100;   3.0962;   9.8240;  29.3797;  38.9816;   7.5400;  14.5600;   8.0600;  10.6115;   4.5282;  11.6594;   4.1477;  12.3261;   2.8445;  22.5283;   4.1505;  11.2291;   4.5249;   3.1200;  13.6500
1:  42.9877;2:  55.8530;13:  38.8205;22:  31.3948;23:  26.4218;27:  49.4937
  28.2100;   3.1200;   9.8800;  29.6400;  39.0000;   7.5400;  14.5558;   8.0600;  10.6186;   4.5209;  11.7000;   4.1600;  12.3332;   2.8600;  22.7500;   4.1600;  11.2851;   4.5120;   3.1200;  13.7751
1:  42.9058;2:  55.7434;13:  39.6870;22:  31.0645;23:  26.7013;27:  49.6984
  27.9341;   3.1030;   9.7991;  29.4764;  39.0000;   7.5400;  14.5600;   8.0193;  10.6481;   4.5190;  11.6295;   4.1326;  12.3500;   2.8600;  22.7500;   4.1600;  11.2684;   4.5500;   3.1200;  13.6983
1:  42.5927;2:  55.3804;13:  39.7358;22:  31.0721;23:  26.7151;27:  49.6216
  28.2100;   3.0993;   9.8800;  29.6400;  39.0000;   7.5165;  14.5232;   8.0600;  10.6600;   4.5500;  11.6658;   4.1600;  12.3177;   2.8487;  22.7500;   4.1406;  11.3100;   4.5357;   3.1158;  13.7721
1:  42.8378;2:  55.6634;13:  39.7677;22:  31.0930;23:  26.7021;27:  49.6912
  28.2100;   3.1023;   9.8261;  29.4442;  38.7393;   7.5400;  14.5600;   7.9819;  10.6600;   4.5240;  11.7000;   4.1600;  12.3500;   2.8600;  22.7500;   4.1600;  11.3100;   4.5166;   3.1060;  13.7800
1:  45.2518;2:  58.5247;13:  35.7218;22:  31.0921;23:  26.1302;27:  48.5598
  28.2100;   3.1200;   9.8800;  29.3861;  38.6997;   7.5258;  14.5600;   7.9800;  10.6600;   4.5067;  11.7000;   4.1600;  12.3500;   2.8600;  22.6377;   4.1600;  11.3100;   4.5500;   3.0960;  13.7800
1:  45.5597;2:  58.8880;13:  35.2984;22:  30.9047;23:  26.1031;27:  48.3780
  28.0958;   3.1200;   9.8800;  29.5106;  38.6556;   7.4857;  14.4386;   8.0600;  10.6600;   4.5500;  11.6039;   4.1600;  12.3013;   2.8371;  22.7500;   4.1600;  11.3100;   4.5074;   3.0922;  13.7800
1:  46.0202;2:  59.4319;13:  34.6454;22:  30.6170;23:  26.0607;27:  48.1830
  27.9976;   3.1200;   9.8288;  29.5020;  38.8856;   7.5161;  14.4420;   8.0600;  10.6068;   4.5246;  11.6949;   4.1540;  12.3261;   2.8600;  22.5539;   4.1600;  11.2440;   4.5500;   3.0939;  13.7647
1:  43.8574;2:  56.8881;13:  37.1190;22:  31.6950;23:  26.1594;27:  49.1662
  28.2100;   3.1200;   9.8800;  29.5618;  38.8837;   7.5400;  14.5600;   8.0478;  10.6600;   4.5500;  11.5842;   4.1288;  12.3500;   2.8330;  22.5876;   4.1238;  11.3100;   4.5500;   3.1152;  13.7559
1:  43.9872;2:  57.0352;13:  37.2904;22:  31.7151;23:  26.1534;27:  49.1706
  28.2100;   3.1092;   9.8800;  29.4195;  38.9728;   7.5400;  14.5579;   8.0573;  10.6251;   4.5392;  11.6802;   4.1302;  12.3500;   2.8600;  22.7500;   4.1500;  11.3100;   4.5249;   3.0943;  13.7423
1:  43.0298;2:  55.8941;13:  39.2632;22:  31.1703;23:  26.6233;27:  49.5223
  28.0810;   3.1200;   9.8800;  29.6400;  39.0000;   7.5400;  14.5195;   8.0211;  10.6600;   4.5437;  11.6279;   4.1416;  12.3500;   2.8600;  22.7335;   4.1532;  11.2505;   4.5071;   3.1107;  13.7800
1:  42.8744;2:  55.7101;13:  39.5138;22:  31.0906;23:  26.6367;27:  49.6940
  28.0898;   3.1200;   9.7953;  29.4896;  39.0000;   7.5400;  14.5600;   8.0600;  10.6600;   4.5500;  11.7000;   4.1600;  12.3493;   2.8429;  22.7500;   4.1501;  11.3100;   4.5500;   3.1171;  13.7800
1:  42.6487;2:  55.4413;13:  39.9648;22:  31.0670;23:  26.7519;27:  49.7004
  28.2100;   3.0903;   9.8800;  29.4342;  39.0000;   7.5215;  14.5600;   8.0600;  10.6600;   4.5500;  11.7000;   4.1600;  12.2710;   2.8563;  22.7381;   4.1360;  11.3100;   4.5500;   3.1200;  13.6866
1:  42.7113;2:  55.5158;13:  39.8466;22:  31.0989;23:  26.7115;27:  49.6099
  28.0019;   3.1200;   9.8588;  29.5417;  39.0000;   7.5314;  14.5600;   8.0120;  10.6600;   4.5436;  11.7000;   4.1600;  12.3500;   2.8600;  22.7500;   4.1600;  11.3100;   4.5207;   3.1200;  13.7800
1:  42.7195;2:  55.5261;13:  39.7916;22:  31.0708;23:  26.7287;27:  49.7034
  28.2100;   3.1200;   9.8800;  29.6400;  38.7485;   7.5400;  14.4875;   7.9988;  10.6597;   4.5500;  11.6667;   4.1600;  12.3131;   2.8600;  22.6623;   4.1600;  11.2334;   4.5402;   3.1200;  13.7308
1:  45.2932;2:  58.5731;13:  35.6887;22:  31.0706;23:  26.0910;27:  48.5644
  28.2100;   3.1179;   9.8676;  29.6400;  39.0000;   7.5400;  14.4620;   8.0600;  10.6600;   4.5397;  11.6168;   4.1600;  12.3500;   2.8353;  22.6562;   4.1600;  11.3100;   4.5457;   3.1174;  13.7800
1:  42.8431;2:  55.6734;13:  39.5432;22:  31.2127;23:  26.6555;27:  49.7008
  28.2100;   3.1200;   9.8800;  29.5209;  38.7133;   7.5287;  14.5600;   8.0400;  10.6600;   4.5109;  11.6819;   4.1600;  12.2394;   2.8445;  22.6146;   4.1600;  11.2783;   4.5273;   3.1046;  13.7723
1:  45.5589;2:  58.8873;13:  35.2860;22:  30.8944;23:  26.0623;27:  48.4378
  28.2100;   3.1188;   9.8800;  29.6395;  39.0000;   7.5400;  14.4340;   8.0600;  10.6600;   4.5500;  11.6587;   4.1278;  12.2673;   2.8600;  22.7346;   4.1600;  11.3100;   4.5306;   3.1200;  13.7800
1:  42.8653;2:  55.6988;13:  39.5573;22:  31.1151;23:  26.7016;27:  49.7034
  27.9853;   3.1065;   9.8173;  29.3466;  39.0000;   7.5400;  14.4461;   7.9999;  10.6600;   4.5500;  11.6927;   4.1398;  12.2939;   2.8600;  22.7500;   4.1600;  11.3100;   4.5496;   3.1200;  13.7503
1:  42.5443;2:  55.3250;13:  39.7066;22:  31.0738;23:  26.7547;27:  49.6736
  28.2100;   3.0973;   9.8800;  29.6400;  38.8644;   7.5121;  14.5600;   8.0267;  10.6600;   4.5500;  11.6714;   4.1461;  12.2983;   2.8600;  22.7500;   4.1257;  11.2938;   4.5500;   3.0978;  13.7800
1:  44.1769;2:  57.2549;13:  37.2699;22:  31.5590;23:  26.2193;27:  49.0937
  28.1142;   3.1200;   9.8800;  29.4867;  39.0000;   7.5054;  14.5473;   8.0600;  10.6600;   4.5500;  11.7000;   4.1480;  12.3500;   2.8346;  22.6445;   4.1600;  11.2508;   4.5319;   3.1200;  13.7800
1:  42.7866;2:  55.6080;13:  39.5447;22:  31.1927;23:  26.6080;27:  49.7034
  28.2100;   3.1200;   9.8800;  29.6400;  39.0000;   7.5133;  14.5600;   7.9841;  10.5923;   4.5066;  11.6529;   4.1558;  12.2286;   2.8424;  22.6174;   4.1600;  11.2262;   4.5500;   3.1200;  13.7800
1:  42.9180;2:  55.7669;13:  39.1442;22:  31.2408;23:  26.5661;27:  49.7034
  28.2100;   3.1200;   9.8800;  29.6400;  39.0000;   7.5400;  14.5600;   8.0600;  10.6600;   4.5500;  11.7000;   4.1600;  12.3500;   2.8600;  22.7500;   4.1600;  11.3100;   4.5500;   3.1200;  13.7800
1:  42.8144;2:  55.6326;13:  39.9808;22:  31.0631;23:  26.7657;27:  49.7034
  28.0962;   3.1200;   9.8800;  29.6400;  38.7162;   7.5400;  14.4942;   8.0600;  10.6600;   4.5500;  11.6528;   4.1279;  12.3050;   2.8600;  22.7500;   4.1600;  11.2516;   4.5129;   3.1109;  13.7800
1:  45.5627;2:  58.8905;13:  35.3528;22:  30.9207;23:  26.0765;27:  48.4646
  28.1947;   3.1200;   9.8800;  29.3800;  38.7227;   7.4679;  14.5600;   8.0208;  10.6600;   4.5344;  11.7000;   4.1600;  12.3240;   2.8429;  22.5594;   4.1600;  11.2364;   4.5257;   3.0938;  13.7800
1:  45.4218;2:  58.7277;13:  35.3503;22:  30.9247;23:  26.0228;27:  48.4755
  27.9992;   3.1200;   9.8800;  29.6400;  39.0000;   7.5400;  14.5554;   8.0600;  10.5547;   4.5102;  11.6548;   4.1246;  12.3500;   2.8390;  22.7500;   4.1600;  11.3100;   4.5397;   3.1200;  13.7800
1:  42.7589;2:  55.5745;13:  39.6322;22:  31.0842;23:  26.7343;27:  49.7034
  27.9972;   3.0904;   9.8436;  29.4628;  38.8777;   7.4774;  14.4839;   8.0110;  10.6263;   4.5392;  11.6985;   4.1518;  12.3500;   2.8600;  22.7500;   4.1222;  11.3100;   4.5257;   3.1200;  13.7800
1:  43.8785;2:  56.9085;13:  37.3509;22:  31.5173;23:  26.2494;27:  49.1734
  28.2100;   3.1136;   9.8653;  29.6400;  38.9223;   7.5400;  14.4426;   8.0600;  10.5652;   4.5251;  11.7000;   4.1600;  12.2808;   2.8516;  22.7500;   4.1600;  11.2368;   4.5061;   3.1200;  13.6461
1:  43.7180;2:  56.7131;13:  37.9198;22:  31.3241;23:  26.3876;27:  49.2329
  27.9552;   3.1147;   9.8632;  29.3813;  39.0000;   7.5355;  14.5600;   8.0056;  10.6316;   4.5315;  11.6992;   4.1597;  12.3391;   2.8467;  22.7500;   4.1600;  11.2130;   4.5500;   3.1133;  13.7800
1:  42.6152;2:  55.4065;13:  39.7395;22:  31.0288;23:  26.7030;27:  49.6967
  28.1197;   3.1200;   9.8170;  29.3603;  39.0000;   7.5400;  14.5600;   8.0600;  10.6600;   4.5500;  11.6284;   4.1598;  12.2918;   2.8600;  22.6093;   4.1507;  11.2049;   4.5432;   3.1200;  13.7800
1:  42.7109;2:  55.5225;13:  39.4249;22:  31.2282;23:  26.5451;27:  49.7034
  28.0814;   3.1200;   9.8800;  29.6400;  39.0000;   7.4708;  14.5379;   8.0155;  10.6600;   4.5500;  11.7000;   4.1398;  12.3500;   2.8498;  22.6154;   4.1208;  11.2316;   4.5118;   3.1200;  13.7013
1:  42.9051;2:  55.7496;13:  39.2807;22:  31.2331;23:  26.5028;27:  49.6246
  28.2100;   3.1102;   9.8128;  29.6400;  38.6137;   7.5400;  14.5600;   8.0546;  10.6531;   4.5500;  11.6423;   4.1373;  12.3500;   2.8600;  22.5556;   4.1600;  11.3100;   4.5500;   3.1130;  13.7458
1:  46.4250;2:  59.9050;13:  34.3506;22:  30.4682;23:  26.0315;27:  47.9880
  28.2100;   3.1200;   9.8800;  29.6400;  39.0000;   7.4923;  14.5600;   8.0214;  10.6600;   4.5500;  11.7000;   4.1600;  12.2747;   2.8457;  22.7500;   4.1188;  11.3100;   4.5500;   3.1200;  13.7800
1:  42.8274;2:  55.6513;13:  39.7733;22:  31.0949;23:  26.6927;27:  49.7034
  28.1805;   3.0890;   9.8092;  29.6400;  39.0000;   7.5400;  14.4548;   7.9834;  10.6044;   4.5207;  11.7000;   4.1439;  12.3061;   2.8340;  22.5567;   4.1489;  11.3100;   4.5500;   3.1059;  13.7800
1:  42.8246;2:  55.6583;13:  39.1775;22:  31.3138;23:  26.5941;27:  49.6893
  28.1217;   3.1052;   9.8800;  29.6083;  39.0000;   7.5400;  14.5600;   8.0600;  10.5663;   4.5500;  11.5874;   4.1600;  12.2810;   2.8489;  22.7500;   4.1226;  11.3100;   4.5498;   3.1071;  13.7568
1:  42.7764;2:  55.5947;13:  39.6356;22:  31.1043;23:  26.6869;27:  49.6673
  28.1849;   3.0978;   9.8539;  29.6400;  38.8436;   7.5400;  14.5545;   8.0600;  10.5670;   4.5366;  11.6155;   4.1345;  12.3500;   2.8353;  22.5529;   4.1600;  11.2319;   4.5239;   3.1200;  13.7800
1:  44.4516;2:  57.5849;13:  36.5551;22:  31.4660;23:  26.0992;27:  49.0255
  28.1338;   3.1002;   9.8132;  29.6400;  39.0000;   7.5400;  14.5600;   8.0600;  10.6184;   4.5240;  11.7000;   4.1600;  12.2532;   2.8566;  22.5861;   4.1590;  11.2823;   4.5500;   3.1200;  13.7800
1:  42.8090;2:  55.6362;13:  39.4116;22:  31.2730;23:  26.6035;27:  49.7034
  28.0696;   3.1200;   9.8555;  29.6400;  38.7940;   7.5400;  14.5600;   8.0600;  10.6600;   4.5204;  11.6465;   4.1555;  12.3500;   2.8600;  22.7500;   4.1307;  11.3100;   4.5410;   3.1002;  13.7800
1:  44.7642;2:  57.9489;13:  36.4164;22:  31.3916;23:  26.1313;27:  48.7911
  28.2100;   3.1093;   9.8354;  29.6264;  38.7216;   7.5400;  14.5600;   8.0600;  10.6267;   4.5500;  11.7000;   4.1488;  12.2629;   2.8600;  22.7324;   4.1600;  11.2548;   4.5177;   3.1200;  13.7800
1:  45.5358;2:  58.8579;13:  35.4431;22:  30.9576;23:  26.0848;27:  48.4969
  28.2100;   3.1109;   9.8365;  29.6400;  39.0000;   7.5221;  14.5600;   8.0600;  10.5906;   4.5234;  11.6520;   4.1597;  12.2944;   2.8388;  22.7500;   4.1600;  11.3100;   4.5500;   3.1041;  13.7275
1:  42.8110;2:  55.6338;13:  39.6915;22:  31.0972;23:  26.7316;27:  49.6350
  28.2100;   3.1194;   9.8795;  29.5792;  39.0000;   7.5400;  14.5600;   7.9820;  10.6600;   4.5500;  11.7000;   4.1600;  12.3500;   2.8600;  22.7500;   4.1242;  11.3100;   4.5256;   3.1200;  13.7206
1:  42.8364;2:  55.6614;13:  39.7902;22:  31.0643;23:  26.7043;27:  49.6440
  28.2100;   3.1200;   9.8638;  29.3653;  39.0000;   7.5400;  14.5600;   8.0256;  10.6600;   4.5500;  11.6924;   4.1600;  12.3500;   2.8600;  22.6372;   4.1600;  11.3100;   4.5121;   3.1200;  13.7052
1:  42.7745;2:  55.5937;13:  39.5614;22:  31.2110;23:  26.6326;27:  49.6285
  27.9899;   3.1200;   9.8627;  29.6400;  38.7671;   7.4649;  14.5449;   8.0067;  10.5707;   4.5053;  11.6907;   4.1345;  12.3159;   2.8600;  22.7500;   4.1324;  11.3100;   4.5500;   3.1200;  13.7800
1:  44.9702;2:  58.1957;13:  35.9194;22:  31.1920;23:  26.1444;27:  48.6941
  28.1442;   3.1200;   9.8800;  29.6400;  39.0000;   7.4753;  14.5600;   8.0600;  10.5875;   4.5500;  11.7000;   4.1516;  12.3500;   2.8561;  22.6070;   4.1600;  11.2291;   4.5145;   3.1200;  13.6628
1:  42.9379;2:  55.7875;13:  39.2775;22:  31.2341;23:  26.5451;27:  49.5862
  28.0961;   3.1200;   9.8800;  29.5910;  39.0000;   7.5400;  14.5600;   8.0103;  10.5612;   4.5500;  11.7000;   4.1343;  12.3500;   2.8577;  22.7500;   4.1318;  11.3100;   4.5500;   3.1200;  13.6724
1:  42.7591;2:  55.5725;13:  39.7567;22:  31.0555;23:  26.7451;27:  49.5958
  28.2100;   3.1200;   9.7861;  29.6400;  38.8238;   7.5400;  14.4526;   8.0600;  10.6465;   4.5500;  11.7000;   4.1356;  12.2770;   2.8600;  22.7189;   4.1600;  11.3100;   4.5500;   3.1070;  13.7800
1:  44.5228;2:  57.6661;13:  36.6199;22:  31.4972;23:  26.1949;27:  48.9266
  28.0090;   3.1080;   9.8800;  29.6400;  38.6727;   7.5380;  14.5600;   8.0600;  10.5625;   4.5374;  11.6487;   4.1202;  12.3500;   2.8424;  22.7500;   4.1600;  11.3100;   4.5226;   3.1152;  13.7800
1:  45.8768;2:  59.2614;13:  34.9107;22:  30.7337;23:  26.1038;27:  48.2802
  28.2100;   3.1200;   9.8800;  29.6400;  38.8722;   7.5400;  14.4655;   7.9798;  10.5818;   4.5500;  11.5861;   4.1379;  12.3500;   2.8423;  22.6269;   4.1600;  11.2717;   4.5199;   3.1200;  13.6575
1:  44.2089;2:  57.2998;13:  36.8163;22:  31.5934;23:  26.1660;27:  49.0273
  28.2100;   3.1141;   9.7946;  29.6353;  39.0000;   7.5400;  14.5600;   8.0523;  10.6555;   4.5500;  11.7000;   4.1389;  12.3500;   2.8600;  22.7500;   4.1600;  11.2835;   4.5482;   3.1200;  13.7362
1:  42.7913;2:  55.6074;13:  39.8998;22:  31.0537;23:  26.7468;27:  49.6596
  27.9434;   3.0957;   9.8346;  29.6400;  38.6795;   7.4658;  14.5600;   8.0421;  10.6600;   4.5500;  11.7000;   4.1600;  12.3500;   2.8600;  22.5500;   4.1440;  11.3100;   4.5500;   3.1045;  13.7800
1:  45.7121;2:  59.0684;13:  35.0644;22:  30.7959;23:  26.0399;27:  48.2990
  28.2100;   3.1200;   9.8800;  29.6400;  38.8602;   7.5084;  14.4772;   8.0358;  10.6600;   4.5411;  11.6870;   4.1577;  12.2763;   2.8427;  22.7500;   4.1241;  11.3100;   4.5453;   3.1185;  13.7800
1:  44.2310;2:  57.3207;13:  37.0884;22:  31.5863;23:  26.2019;27:  49.0960
  27.9791;   3.0928;   9.8800;  29.6400;  38.6894;   7.5337;  14.5319;   8.0600;  10.6600;   4.5500;  11.6287;   4.1244;  12.3500;   2.8554;  22.6033;   4.1193;  11.3100;   4.5454;   3.1200;  13.6826
1:  45.6629;2:  59.0099;13:  35.1544;22:  30.8329;23:  26.0358;27:  48.2601
  28.1553;   3.0998;   9.8782;  29.6307;  38.8227;   7.5147;  14.5600;   8.0236;  10.6600;   4.5095;  11.7000;   4.1385;  12.3008;   2.8534;  22.5384;   4.1343;  11.3100;   4.5500;   3.1099;  13.7800
1:  44.5457;2:  57.6941;13:  36.5369;22:  31.4532;23:  26.1150;27:  48.9251
  28.2100;   3.1163;   9.7828;  29.5184;  38.6604;   7.5208;  14.4823;   8.0600;  10.6375;   4.5436;  11.6517;   4.1481;  12.3500;   2.8600;  22.7500;   4.1468;  11.3100;   4.5437;   3.1200;  13.7800
1:  45.9321;2:  59.3257;13:  34.8939;22:  30.7204;23:  26.0886;27:  48.2318
  28.1951;   3.1200;   9.8800;  29.3969;  39.0000;   7.5400;  14.5600;   7.9901;  10.6600;   4.5324;  11.7000;   4.1600;  12.3500;   2.8600;  22.7500;   4.1523;  11.3100;   4.5400;   3.1085;  13.7087
1:  42.7129;2:  55.5176;13:  39.8518;22:  31.0647;23:  26.7465;27:  49.6205
  28.0510;   3.1164;   9.8800;  29.3588;  39.0000;   7.4830;  14.4725;   8.0020;  10.6080;   4.5113;  11.7000;   4.1438;  12.3500;   2.8600;  22.6616;   4.1200;  11.1980;   4.5500;   3.0957;  13.7614
1:  42.6908;2:  55.5005;13:  39.3535;22:  31.1490;23:  26.5691;27:  49.6605
  28.2100;   3.0912;   9.8414;  29.4658;  39.0000;   7.5400;  14.5600;   8.0343;  10.6600;   4.5155;  11.7000;   4.1600;  12.3500;   2.8600;  22.7500;   4.1446;  11.2234;   4.5500;   3.1200;  13.6660
1:  42.7420;2:  55.5515;13:  39.8326;22:  31.0324;23:  26.6945;27:  49.5894
  28.0773;   3.1200;   9.8367;  29.6400;  39.0000;   7.4984;  14.5319;   8.0600;  10.6600;   4.5500;  11.7000;   4.1600;  12.3500;   2.8600;  22.6971;   4.1600;  11.2424;   4.5500;   3.1009;  13.6445
1:  42.7794;2:  55.5965;13:  39.7287;22:  31.1167;23:  26.6692;27:  49.5488
  27.9333;   3.0990;   9.8297;  29.6174;  38.7065;   7.5283;  14.5600;   8.0278;  10.6425;   4.5221;  11.7000;   4.1600;  12.3163;   2.8600;  22.7500;   4.1600;  11.3100;   4.5500;   3.1200;  13.6942
1:  45.4465;2:  58.7547;13:  35.4397;22:  30.9707;23:  26.1299;27:  48.3456
  28.2100;   3.1177;   9.8020;  29.4789;  38.8812;   7.5397;  14.4935;   8.0525;  10.6600;   4.5500;  11.7000;   4.1576;  12.3500;   2.8429;  22.7050;   4.1482;  11.3100;   4.5500;   3.1018;  13.7800
1:  43.8991;2:  56.9280;13:  37.5955;22:  31.5388;23:  26.2992;27:  49.1703
  28.2100;   3.1200;   9.8800;  29.5269;  38.8170;   7.4925;  14.5600;   8.0248;  10.6462;   4.5196;  11.6633;   4.1600;  12.3500;   2.8600;  22.7500;   4.1579;  11.2827;   4.5500;   3.0913;  13.6506
1:  44.5784;2:  57.7307;13:  36.6071;22:  31.4828;23:  26.1615;27:  48.7524
  28.2100;   3.1200;   9.8500;  29.6400;  38.7468;   7.4704;  14.5600;   8.0237;  10.5828;   4.5377;  11.7000;   4.1586;  12.3500;   2.8600;  22.7500;   4.1600;  11.3100;   4.5500;   3.1200;  13.6543
1:  45.2465;2:  58.5169;13:  35.8202;22:  31.1327;23:  26.1575;27:  48.4804
  28.2100;   3.1200;   9.8326;  29.6400;  39.0000;   7.5400;  14.5241;   8.0392;  10.5830;   4.5176;  11.7000;   4.1600;  12.3300;   2.8446;  22.6528;   4.1600;  11.2221;   4.5062;   3.1079;  13.7368
1:  42.9570;2:  55.8099;13:  39.2696;22:  31.1613;23:  26.5812;27:  49.6481
  28.0650;   3.1200;   9.8443;  29.6400;  38.9918;   7.5400;  14.5600;   8.0078;  10.6600;   4.5144;  11.7000;   4.1600;  12.3500;   2.8600;  22.5417;   4.1407;  11.3100;   4.5500;   3.1200;  13.7613
1:  42.8685;2:  55.7068;13:  39.3058;22:  31.3534;23:  26.5533;27:  49.6490
  28.0144;   3.0931;   9.8800;  29.3519;  39.0000;   7.4881;  14.5105;   8.0429;  10.6084;   4.5448;  11.7000;   4.1565;  12.3500;   2.8600;  22.5426;   4.1600;  11.2539;   4.5500;   3.0912;  13.6881
1:  42.6578;2:  55.4631;13:  39.3132;22:  31.3129;23:  26.5566;27:  49.5826
  28.0080;   3.1106;   9.8133;  29.5628;  39.0000;   7.5317;  14.5551;   8.0262;  10.6600;   4.5092;  11.6158;   4.1428;  12.2822;   2.8600;  22.7500;   4.1347;  11.2514;   4.5328;   3.1072;  13.7800
1:  42.7229;2:  55.5341;13:  39.5583;22:  31.0893;23:  26.6385;27:  49.6905
  27.9962;   3.1200;   9.8600;  29.6400;  38.8923;   7.4760;  14.5600;   8.0600;  10.5914;   4.5138;  11.7000;   4.1234;  12.3500;   2.8326;  22.5989;   4.1580;  11.2940;   4.5500;   3.1018;  13.7800
1:  43.8452;2:  56.8694;13:  37.3840;22:  31.6539;23:  26.2274;27:  49.2185
  28.2100;   3.1200;   9.8800;  29.3862;  38.8511;   7.4769;  14.5600;   8.0364;  10.6600;   4.5500;  11.6352;   4.1210;  12.3500;   2.8325;  22.7500;   4.1340;  11.3100;   4.5500;   3.0910;  13.7800
1:  44.1898;2:  57.2748;13:  36.9876;22:  31.6358;23:  26.1669;27:  49.0293
  28.2100;   3.1200;   9.8800;  29.6400;  38.7759;   7.4998;  14.5600;   8.0472;  10.6600;   4.5500;  11.7000;   4.1600;  12.2508;   2.8600;  22.7500;   4.1313;  11.2756;   4.5494;   3.0963;  13.7502
1:  45.0095;2:  58.2370;13:  36.1580;22:  31.2717;23:  26.1115;27:  48.6787
  28.2100;   3.1007;   9.8800;  29.6400;  39.0000;   7.5400;  14.4394;   7.9805;  10.5895;   4.5500;  11.6381;   4.1600;  12.3199;   2.8423;  22.7500;   4.1473;  11.3100;   4.5320;   3.0969;  13.7800
1:  42.8621;2:  55.6966;13:  39.4696;22:  31.0853;23:  26.7128;27:  49.6803
  28.2050;   3.1200;   9.8800;  29.4247;  38.7799;   7.4676;  14.5600;   7.9892;  10.6179;   4.5255;  11.7000;   4.1600;  12.3500;   2.8332;  22.5234;   4.1335;  11.3100;   4.5500;   3.1200;  13.7800
1:  44.8670;2:  58.0746;13:  36.0192;22:  31.2301;23:  26.0895;27:  48.7494
  28.2100;   3.0905;   9.8211;  29.6278;  38.6791;   7.5400;  14.5600;   8.0345;  10.6600;   4.5109;  11.6522;   4.1600;  12.2421;   2.8600;  22.5305;   4.1600;  11.2830;   4.5222;   3.1200;  13.6439
1:  45.8893;2:  59.2770;13:  34.8428;22:  30.6964;23:  26.0255;27:  48.1767
  27.9479;   3.1113;   9.8596;  29.6370;  39.0000;   7.4915;  14.4405;   8.0600;  10.6600;   4.5500;  11.6243;   4.1600;  12.3126;   2.8380;  22.6640;   4.1347;  11.2966;   4.5301;   3.1200;  13.7800
1:  42.7514;2:  55.5701;13:  39.3827;22:  31.2205;23:  26.5898;27:  49.7034
  28.2100;   3.1200;   9.8286;  29.6400;  38.8369;   7.5400;  14.5600;   8.0600;  10.6600;   4.5500;  11.7000;   4.1205;  12.3500;   2.8331;  22.7231;   4.1399;  11.2279;   4.5500;   3.1200;  13.7800
1:  44.4623;2:  57.5929;13:  36.8111;22:  31.5630;23:  26.1243;27:  48.9965
  28.2100;   3.1200;   9.8800;  29.4556;  39.0000;   7.4933;  14.5600;   8.0600;  10.5896;   4.5500;  11.6323;   4.1584;  12.2792;   2.8600;  22.7500;   4.1600;  11.2883;   4.5500;   3.1200;  13.7202
1:  42.7554;2:  55.5699;13:  39.6610;22:  31.0988;23:  26.7083;27:  49.6435
  28.2100;   3.1140;   9.8800;  29.6400;  39.0000;   7.5400;  14.5600;   8.0088;  10.5767;   4.5500;  11.7000;   4.1600;  12.3211;   2.8600;  22.6904;   4.1600;  11.3100;   4.5500;   3.1200;  13.7236
1:  42.8454;2:  55.6742;13:  39.6513;22:  31.1330;23:  26.7237;27:  49.6469
  28.2100;   3.1200;   9.8675;  29.6400;  38.9921;   7.5400;  14.5600;   8.0600;  10.6600;   4.5267;  11.7000;   4.1201;  12.3158;   2.8490;  22.6624;   4.1582;  11.2556;   4.5194;   3.1200;  13.7800
1:  43.0005;2:  55.8589;13:  39.3452;22:  31.1982;23:  26.5848;27:  49.6693
  28.0331;   3.1192;   9.8800;  29.4185;  39.0000;   7.5400;  14.4454;   7.9947;  10.6600;   4.5307;  11.7000;   4.1600;  12.3500;   2.8600;  22.7500;   4.1423;  11.2921;   4.5500;   3.0896;  13.7027
1:  42.6359;2:  55.4299;13:  39.7636;22:  31.0559;23:  26.7372;27:  49.5956
  28.0297;   3.1200;   9.8800;  29.4178;  39.0000;   7.4996;  14.5197;   8.0581;  10.5831;   4.5218;  11.7000;   4.1323;  12.3500;   2.8600;  22.7500;   4.1358;  11.2491;   4.5262;   3.1200;  13.6752
1:  42.7111;2:  55.5201;13:  39.5787;22:  31.0584;23:  26.6615;27:  49.5986
  28.1408;   3.1128;   9.8741;  29.6400;  38.7811;   7.5035;  14.5283;   8.0600;  10.6600;   4.5500;  11.6159;   4.1319;  12.3320;   2.8512;  22.7500;   4.1600;  11.3100;   4.5083;   3.1096;  13.7696
1:  44.9748;2:  58.1978;13:  36.0999;22:  31.2556;23:  26.1271;27:  48.7339
  28.0338;   3.1095;   9.8062;  29.6400;  39.0000;   7.5277;  14.5594;   8.0277;  10.6280;   4.5500;  11.6894;   4.1377;  12.3500;   2.8379;  22.7500;   4.1592;  11.2034;   4.5281;   3.1005;  13.7800
1:  42.7986;2:  55.6207;13:  39.6159;22:  31.0346;23:  26.6648;27:  49.6839
  28.1938;   3.1200;   9.8800;  29.5691;  38.7631;   7.4760;  14.5600;   8.0600;  10.6600;   4.5500;  11.7000;   4.1312;  12.3500;   2.8454;  22.7500;   4.1361;  11.2651;   4.5231;   3.1192;  13.7514
1:  45.1296;2:  58.3790;13:  35.9770;22:  31.1899;23:  26.0808;27:  48.6473
  28.2100;   3.1200;   9.8800;  29.4072;  39.0000;   7.5094;  14.5189;   8.0600;  10.5579;   4.5410;  11.7000;   4.1340;  12.3455;   2.8515;  22.7500;   4.1600;  11.3100;   4.5229;   3.1031;  13.7800
1:  42.7716;2:  55.5895;13:  39.6121;22:  31.0776;23:  26.7242;27:  49.6865
  28.1450;   3.1054;   9.8538;  29.6400;  38.8923;   7.4877;  14.5600;   8.0600;  10.6600;   4.5500;  11.7000;   4.1500;  12.3500;   2.8600;  22.7257;   4.1600;  11.2645;   4.5306;   3.1200;  13.7800
1:  43.9083;2:  56.9363;13:  37.7385;22:  31.4759;23:  26.2994;27:  49.2368
  27.9935;   3.1200;   9.8035;  29.6400;  38.6691;   7.5198;  14.4414;   8.0600;  10.5717;   4.5255;  11.7000;   4.1600;  12.3289;   2.8600;  22.7500;   4.1600;  11.3100;   4.5295;   3.1200;  13.7208
1:  45.8550;2:  59.2372;13:  34.8500;22:  30.7151;23:  26.1163;27:  48.2101
  28.2100;   3.1200;   9.8800;  29.6400;  38.9625;   7.5400;  14.5600;   8.0600;  10.5752;   4.5085;  11.6177;   4.1600;  12.3500;   2.8600;  22.6505;   4.1600;  11.2513;   4.5500;   3.1200;  13.7739
1:  43.2565;2:  56.1647;13:  38.7771;22:  31.3192;23:  26.4974;27:  49.5347
  28.0325;   3.1074;   9.8800;  29.4678;  38.6943;   7.5136;  14.5062;   7.9925;  10.6600;   4.5439;  11.7000;   4.1600;  12.3500;   2.8483;  22.7500;   4.1323;  11.3100;   4.5432;   3.1105;  13.7800
1:  45.5630;2:  58.8924;13:  35.2693;22:  30.8927;23:  26.0958;27:  48.3691
  28.2100;   3.0892;   9.8565;  29.3486;  38.9429;   7.5400;  14.4873;   8.0600;  10.5912;   4.5359;  11.6293;   4.1591;  12.2916;   2.8428;  22.7500;   4.1600;  11.3100;   4.5047;   3.1069;  13.6598
1:  43.3222;2:  56.2471;13:  38.4004;22:  31.3041;23:  26.4794;27:  49.3226
  28.2100;   3.1200;   9.8800;  29.3998;  38.8150;   7.5400;  14.5600;   8.0283;  10.6600;   4.5235;  11.7000;   4.1600;  12.3387;   2.8600;  22.7500;   4.1600;  11.3100;   4.5500;   3.1171;  13.6784
1:  44.5238;2:  57.6664;13:  36.6736;22:  31.5154;23:  26.1844;27:  48.7972
  27.9822;   3.1200;   9.8653;  29.6400;  38.6159;   7.5019;  14.5600;   8.0600;  10.6600;   4.5500;  11.6197;   4.1293;  12.3500;   2.8600;  22.7500;   4.1600;  11.2056;   4.5500;   3.1197;  13.7800
1:  46.3603;2:  59.8299;13:  34.3679;22:  30.4767;23:  26.0061;27:  48.0388
  28.2100;   3.1200;   9.8076;  29.6400;  38.7517;   7.5400;  14.5600;   8.0414;  10.6600;   4.5500;  11.6600;   4.1600;  12.2492;   2.8488;  22.7034;   4.1317;  11.3100;   4.5500;   3.1200;  13.7800
1:  45.1811;2:  58.4402;13:  35.8807;22:  31.1541;23:  26.1103;27:  48.6276
  28.2100;   3.1200;   9.8197;  29.4289;  39.0000;   7.4724;  14.5600;   7.9802;  10.5681;   4.5466;  11.7000;   4.1600;  12.3500;   2.8600;  22.7500;   4.1600;  11.3100;   4.5223;   3.1200;  13.6700
1:  42.7596;2:  55.5763;13:  39.5779;22:  31.0830;23:  26.7181;27:  49.5934
  28.2100;   3.1024;   9.8271;  29.5380;  38.9033;   7.4933;  14.5600;   8.0241;  10.5546;   4.5500;  11.7000;   4.1399;  12.3500;   2.8600;  22.7500;   4.1600;  11.2076;   4.5500;   3.0953;  13.6757
1:  43.7698;2:  56.7746;13:  37.8251;22:  31.3694;23:  26.3570;27:  49.1552
  28.0129;   3.1200;   9.7877;  29.6400;  38.9348;   7.4839;  14.4766;   8.0009;  10.6522;   4.5500;  11.7000;   4.1600;  12.3500;   2.8353;  22.5917;   4.1600;  11.3100;   4.5500;   3.1004;  13.7800
1:  43.3806;2:  56.3182;13:  38.1935;22:  31.5105;23:  26.3922;27:  49.4015
  28.2100;   3.1200;   9.7956;  29.6400;  38.6485;   7.4687;  14.5600;   8.0600;  10.6600;   4.5500;  11.7000;   4.1189;  12.3127;   2.8548;  22.6898;   4.1554;  11.2364;   4.5500;   3.0912;  13.6888
1:  46.1361;2:  59.5650;13:  34.6993;22:  30.6220;23:  26.0285;27:  48.0601
  27.9591;   3.0928;   9.8103;  29.4059;  39.0000;   7.5400;  14.5600;   8.0123;  10.6600;   4.5500;  11.7000;   4.1391;  12.3500;   2.8362;  22.6721;   4.1249;  11.3100;   4.5337;   3.1200;  13.7346
1:  42.5977;2:  55.3876;13:  39.6540;22:  31.1676;23:  26.6462;27:  49.6580
  28.2100;   3.0920;   9.8800;  29.6400;  39.0000;   7.5141;  14.4664;   8.0036;  10.6600;   4.5233;  11.7000;   4.1330;  12.3500;   2.8600;  22.7500;   4.1553;  11.3100;   4.5341;   3.1200;  13.6658
1:  42.8402;2:  55.6680;13:  39.6620;22:  31.0795;23:  26.7287;27:  49.5891
  28.1793;   3.0906;   9.8800;  29.6400;  38.9865;   7.4886;  14.4236;   8.0303;  10.6600;   4.5444;  11.7000;   4.1600;  12.2677;   2.8600;  22.7500;   4.1600;  11.3094;   4.5262;   3.0918;  13.7106
1:  42.9786;2:  55.8343;13:  39.2945;22:  31.1474;23:  26.6569;27:  49.5470
  28.2100;   3.0938;   9.8179;  29.6400;  38.6391;   7.5400;  14.4732;   8.0318;  10.6109;   4.5500;  11.6325;   4.1600;  12.3500;   2.8600;  22.7500;   4.1410;  11.2651;   4.5500;   3.1200;  13.7357
1:  46.2011;2:  59.6420;13:  34.5896;22:  30.5807;23:  26.0627;27:  48.0951
  28.1418;   3.1200;   9.8800;  29.5857;  39.0000;   7.5400;  14.5600;   8.0068;  10.6600;   4.5339;  11.7000;   4.1600;  12.2472;   2.8600;  22.7500;   4.1600;  11.2845;   4.5366;   3.1200;  13.7672
1:  42.8068;2:  55.6288;13:  39.6977;22:  31.0730;23:  26.7170;27:  49.6906
  28.1915;   3.1200;   9.8800;  29.6400;  39.0000;   7.5058;  14.5600;   8.0600;  10.6344;   4.5134;  11.7000;   4.1277;  12.3500;   2.8496;  22.7161;   4.1227;  11.3100;   4.5259;   3.1096;  13.7003
1:  42.8696;2:  55.7023;13:  39.6486;22:  31.1309;23:  26.6524;27:  49.6133
  28.2100;   3.1055;   9.8800;  29.4930;  38.8373;   7.5400;  14.4827;   8.0600;  10.6494;   4.5500;  11.6550;   4.1600;  12.3500;   2.8600;  22.6701;   4.1600;  11.3100;   4.5500;   3.0989;  13.7063
1:  44.3627;2:  57.4775;13:  36.8220;22:  31.5836;23:  26.1787;27:  48.9037
  28.1237;   3.1200;   9.8438;  29.4177;  38.8653;   7.5305;  14.5600;   8.0600;  10.6600;   4.5440;  11.7000;   4.1522;  12.2799;   2.8600;  22.7500;   4.1600;  11.3100;   4.5500;   3.1048;  13.7800
1:  44.0021;2:  57.0508;13:  37.3858;22:  31.5520;23:  26.2768;27:  49.1044
  27.9603;   3.1200;   9.8800;  29.5058;  38.6350;   7.5366;  14.5600;   7.9875;  10.6600;   4.5077;  11.7000;   4.1600;  12.3243;   2.8600;  22.5473;   4.1190;  11.2961;   4.5500;   3.1200;  13.7800
1:  46.0955;2:  59.5211;13:  34.5164;22:  30.5542;23:  26.0009;27:  48.1215
  28.2100;   3.0990;   9.8002;  29.5945;  38.7762;   7.5400;  14.5600;   8.0600;  10.6600;   4.5295;  11.7000;   4.1600;  12.3449;   2.8600;  22.7500;   4.1600;  11.2396;   4.5234;   3.0905;  13.7731
1:  44.9984;2:  58.2244;13:  36.1409;22:  31.2654;23:  26.1046;27:  48.6971
  27.9777;   3.1156;   9.8653;  29.6400;  39.0000;   7.5400;  14.5042;   8.0600;  10.6600;   4.5119;  11.7000;   4.1371;  12.3500;   2.8391;  22.5709;   4.1600;  11.2423;   4.5500;   3.1178;  13.7800
1:  42.7770;2:  55.5994;13:  39.3995;22:  31.2701;23:  26.5746;27:  49.7012
  28.0874;   3.1200;   9.8800;  29.5383;  38.8676;   7.5352;  14.5213;   8.0592;  10.6600;   4.5500;  11.7000;   4.1600;  12.3500;   2.8600;  22.5559;   4.1600;  11.2141;   4.5500;   3.1017;  13.7800
1:  44.1152;2:  57.1875;13:  37.0466;22:  31.6788;23:  26.1114;27:  49.1112
  28.1197;   3.1117;   9.8397;  29.6400;  38.7585;   7.5400;  14.5417;   8.0600;  10.5794;   4.5500;  11.6153;   4.1600;  12.3497;   2.8600;  22.7500;   4.1600;  11.3100;   4.5107;   3.1200;  13.6606
1:  45.1566;2:  58.4124;13:  35.8483;22:  31.1478;23:  26.1345;27:  48.5373
  28.0388;   3.1046;   9.8800;  29.5780;  39.0000;   7.5400;  14.5600;   8.0600;  10.6600;   4.5115;  11.7000;   4.1378;  12.3500;   2.8600;  22.7500;   4.1441;  11.3100;   4.5500;   3.1200;  13.7800
1:  42.7003;2:  55.5018;13:  39.9163;22:  31.0709;23:  26.7420;27:  49.7034
  28.2100;   3.1200;   9.8800;  29.6400;  38.9888;   7.5400;  14.5153;   8.0600;  10.5801;   4.5500;  11.7000;   4.1600;  12.3500;   2.8519;  22.7500;   4.1514;  11.2186;   4.5500;   3.1200;  13.6875
1:  42.9814;2:  55.8337;13:  39.5175;22:  31.0609;23:  26.6678;27:  49.5622
  28.2100;   3.0941;   9.7877;  29.6262;  38.7009;   7.5400;  14.4867;   8.0265;  10.6600;   4.5079;  11.7000;   4.1600;  12.3130;   2.8600;  22.7500;   4.1600;  11.2071;   4.5500;   3.1167;  13.7800
1:  45.6504;2:  58.9940;13:  35.2404;22:  30.8715;23:  26.0768;27:  48.4039
  28.2100;   3.1200;   9.8442;  29.5384;  39.0000;   7.5400;  14.4292;   8.0600;  10.6600;   4.5299;  11.7000;   4.1600;  12.3500;   2.8600;  22.5503;   4.1600;  11.2535;   4.5500;   3.1200;  13.7800
1:  42.8229;2:  55.6530;13:  39.3707;22:  31.2910;23:  26.5745;27:  49.7034
  28.2100;   3.1200;   9.8800;  29.5880;  39.0000;   7.5400;  14.5600;   8.0600;  10.6414;   4.5500;  11.6434;   4.1263;  12.3500;   2.8600;  22.7476;   4.1339;  11.3100;   4.5500;   3.1200;  13.7800
1:  42.7979;2:  55.6159;13:  39.8496;22:  31.0846;23:  26.7193;27:  49.7034
  28.2100;   3.0985;   9.8800;  29.6400;  38.7473;   7.5400;  14.5417;   8.0600;  10.6600;   4.5235;  11.7000;   4.1532;  12.3500;   2.8409;  22.7500;   4.1573;  11.2416;   4.5417;   3.1200;  13.7323
1:  45.2819;2:  58.5572;13:  35.8518;22:  31.1334;23:  26.1029;27:  48.5606
  28.2100;   3.1200;   9.7946;  29.6400;  39.0000;   7.5400;  14.5600;   8.0600;  10.6600;   4.5500;  11.6549;   4.1425;  12.3138;   2.8505;  22.7500;   4.1367;  11.3100;   4.5499;   3.1200;  13.6483
1:  42.7845;2:  55.6004;13:  39.8493;22:  31.0865;23:  26.7189;27:  49.5717
  28.2100;   3.1081;   9.8800;  29.4997;  38.7966;   7.5400;  14.4740;   8.0600;  10.6600;   4.5388;  11.7000;   4.1415;  12.3500;   2.8600;  22.7500;   4.1585;  11.3100;   4.5054;   3.1200;  13.7404
1:  44.8045;2:  57.9972;13:  36.3153;22:  31.3535;23:  26.1502;27:  48.7825
  28.2100;   3.1029;   9.8491;  29.6400;  39.0000;   7.5400;  14.5600;   7.9986;  10.6600;   4.5500;  11.6581;   4.1322;  12.2484;   2.8584;  22.5379;   4.1600;  11.2338;   4.5399;   3.1089;  13.6681
1:  42.9182;2:  55.7670;13:  39.1494;22:  31.3270;23:  26.5145;27:  49.5803
  28.0036;   3.1092;   9.8800;  29.5804;  38.8190;   7.5400;  14.4816;   7.9929;  10.6600;   4.5500;  11.6765;   4.1600;  12.2270;   2.8594;  22.7143;   4.1600;  11.3100;   4.5500;   3.1200;  13.7800
1:  44.4803;2:  57.6189;13:  36.5082;22:  31.4589;23:  26.1885;27:  48.9188
  28.2100;   3.0948;   9.8800;  29.6400;  38.6895;   7.5400;  14.4374;   8.0600;  10.6600;   4.5098;  11.6569;   4.1600;  12.3500;   2.8600;  22.6019;   4.1600;  11.3100;   4.5393;   3.1075;  13.6502
1:  45.7741;2:  59.1395;13:  35.0961;22:  30.8083;23:  26.0836;27:  48.2156
  27.9657;   3.0893;   9.8420;  29.3725;  39.0000;   7.5400;  14.5600;   8.0600;  10.6600;   4.5286;  11.6206;   4.1600;  12.3500;   2.8413;  22.7500;   4.1600;  11.3100;   4.5065;   3.1099;  13.7800
1:  42.6254;2:  55.4192;13:  39.6832;22:  31.1033;23:  26.6820;27:  49.6932
  28.2100;   3.1103;   9.8800;  29.5407;  39.0000;   7.5400;  14.4197;   8.0518;  10.6600;   4.5500;  11.6857;   4.1600;  12.2400;   2.8558;  22.7500;   4.1600;  11.3100;   4.5395;   3.1200;  13.7800
1:  42.7914;2:  55.6119;13:  39.6384;22:  31.0887;23:  26.7296;27:  49.7034
  28.1107;   3.1200;   9.7832;  29.6400;  38.6635;   7.5018;  14.5600;   8.0600;  10.6600;   4.5500;  11.7000;   4.1477;  12.2794;   2.8600;  22.7500;   4.1419;  11.3085;   4.5500;   3.0901;  13.7351
1:  45.9128;2:  59.3017;13:  34.9898;22:  30.7564;23:  26.0806;27:  48.1706
  28.2100;   3.1200;   9.8800;  29.6400;  39.0000;   7.5400;  14.5600;   8.0600;  10.6600;   4.5500;  11.7000;   4.1600;  12.3500;   2.8600;  22.7500;   4.1600;  11.3100;   4.5500;   3.1200;  13.7800
1:  42.8144;2:  55.6326;13:  39.9808;22:  31.0631;23:  26.7657;27:  49.7034
