  28.2100;   3.1200;   9.7938;  29.4065;  39.0000;   7.5399;  14.4628;   8.0600;  10.5812;   4.5500;  11.7000;   4.1600;  12.2566;   2.8536;  22.7500;   4.1600;  11.3100;   4.5500;   3.1200;  13.7765
1:  42.6818;2:  55.4848;13:  39.6657;22:  31.0741;23:  26.7547;27:  49.6998
  28.2100;   3.1200;   9.8198;  29.6400;  39.0000;   7.5210;  14.5600;   8.0600;  10.5884;   4.5500;  11.6266;   4.1341;  12.3500;   2.8600;  22.7500;   4.1216;  11.2845;   4.5069;   3.1200;  13.7094
1:  42.8979;2:  55.7368;13:  39.5430;22:  31.0869;23:  26.6349;27:  49.6327
  28.1006;   3.1135;   9.8329;  29.4451;  39.0000;   7.5058;  14.5600;   8.0380;  10.6205;   4.5500;  11.7000;   4.1600;  12.2513;   2.8417;  22.6338;   4.1366;  11.2910;   4.5248;   3.1200;  13.6981
1:  42.7484;2:  55.5667;13:  39.3718;22:  31.2336;23:  26.5818;27:  49.6214
  27.9880;   3.1196;   9.8800;  29.4491;  39.0000;   7.5284;  14.5600;   8.0600;  10.6600;   4.5168;  11.7000;   4.1343;  12.3500;   2.8483;  22.6942;   4.1523;  11.2407;   4.5500;   3.1005;  13.6426
1:  42.6676;2:  55.4674;13:  39.7155;22:  31.1183;23:  26.6596;27:  49.5465
  28.2100;   3.1200;   9.8446;  29.3981;  38.7124;   7.4759;  14.5600;   7.9990;  10.6600;   4.5091;  11.6404;   4.1600;  12.3500;   2.8600;  22.5230;   4.1600;  11.2551;   4.5500;   3.1200;  13.7053
1:  45.4638;2:  58.7778;13:  35.2639;22:  30.8907;23:  26.0344;27:  48.3823
  28.2100;   3.1018;   9.8800;  29.3600;  39.0000;   7.5400;  14.4178;   8.0387;  10.6600;   4.5500;  11.6786;   4.1600;  12.2360;   2.8527;  22.6915;   4.1510;  11.2683;   4.5206;   3.1200;  13.7049
1:  42.7702;2:  55.5919;13:  39.3755;22:  31.1510;23:  26.6251;27:  49.6283
  28.2100;   3.1091;   9.8791;  29.3973;  38.8214;   7.5133;  14.5600;   8.0600;  10.5948;   4.5408;  11.6203;   4.1600;  12.3500;   2.8600;  22.6797;   4.1600;  11.2377;   4.5500;   3.0978;  13.7800
1:  44.5000;2:  57.6411;13:  36.5463;22:  31.4620;23:  26.1246;27:  48.9072
  28.1202;   3.1163;   9.8800;  29.6400;  39.0000;   7.5108;  14.5600;   8.0600;  10.5876;   4.5097;  11.6372;   4.1297;  12.3500;   2.8600;  22.6945;   4.1546;  11.3100;   4.5500;   3.1200;  13.7800
1:  42.8025;2:  55.6256;13:  39.5898;22:  31.1648;23:  26.6845;27:  49.7034
  28.1571;   3.1031;   9.8800;  29.5335;  38.8979;   7.5400;  14.4934;   8.0600;  10.6600;   4.5175;  11.6814;   4.1284;  12.3402;   2.8600;  22.7500;   4.1216;  11.3100;   4.5500;   3.1200;  13.7800
1:  43.7547;2:  56.7555;13:  37.9225;22:  31.4358;23:  26.3546;27:  49.2608
  28.2100;   3.1200;   9.8800;  29.4654;  39.0000;   7.4948;  14.5600;   8.0051;  10.6036;   4.5164;  11.7000;   4.1546;  12.3500;   2.8600;  22.7500;   4.1600;  11.2212;   4.5227;   3.1200;  13.7022
1:  42.8375;2:  55.6668;13:  39.5534;22:  31.0479;23:  26.6647;27:  49.6256
  28.0591;   3.1200;   9.8485;  29.4824;  39.0000;   7.5400;  14.5600;   8.0600;  10.6400;   4.5500;  11.7000;   4.1600;  12.3500;   2.8600;  22.7500;   4.1537;  11.3100;   4.5500;   3.1200;  13.6870
1:  42.6559;2:  55.4497;13:  39.9624;22:  31.0615;23:  26.7610;27:  49.6104
  28.2100;   3.1200;   9.8088;  29.4581;  39.0000;   7.5400;  14.5600;   8.0600;  10.6600;   4.5484;  11.7000;   4.1464;  12.3052;   2.8442;  22.7500;   4.1217;  11.2553;   4.5500;   3.1026;  13.7800
1:  42.7261;2:  55.5330;13:  39.8398;22:  31.0534;23:  26.6824;27:  49.6859
  28.1373;   3.1200;   9.8800;  29.6400;  38.8107;   7.5400;  14.5404;   8.0600;  10.6600;   4.5500;  11.7000;   4.1600;  12.2864;   2.8431;  22.7500;   4.1600;  11.3100;   4.5068;   3.1033;  13.7800
1:  44.7197;2:  57.8963;13:  36.4802;22:  31.4222;23:  26.1531;27:  48.8664
  28.0967;   3.1200;   9.8800;  29.4566;  38.8942;   7.5400;  14.5600;   8.0600;  10.5779;   4.5395;  11.6881;   4.1600;  12.3500;   2.8600;  22.5603;   4.1600;  11.3100;   4.5500;   3.1200;  13.6509
1:  43.7871;2:  56.7999;13:  37.5141;22:  31.6677;23:  26.2496;27:  49.1158
  28.0920;   3.1144;   9.8800;  29.6400;  39.0000;   7.5400;  14.5600;   8.0600;  10.6600;   4.5500;  11.6426;   4.1480;  12.3369;   2.8381;  22.7500;   4.1600;  11.3100;   4.5416;   3.1200;  13.7323
1:  42.7789;2:  55.5943;13:  39.8267;22:  31.0903;23:  26.7301;27:  49.6557
  28.2100;   3.0999;   9.7978;  29.5894;  38.6536;   7.4839;  14.5600;   8.0319;  10.5737;   4.5500;  11.6517;   4.1335;  12.3269;   2.8600;  22.5578;   4.1480;  11.3100;   4.5500;   3.1143;  13.7800
1:  46.0407;2:  59.4558;13:  34.6305;22:  30.6083;23:  26.0507;27:  48.1964
  28.2100;   3.1088;   9.8800;  29.4790;  38.7293;   7.5400;  14.5600;   8.0600;  10.6122;   4.5500;  11.6988;   4.1600;  12.3157;   2.8600;  22.7500;   4.1600;  11.2198;   4.5500;   3.1200;  13.7800
1:  45.3732;2:  58.6665;13:  35.6351;22:  31.0442;23:  26.0943;27:  48.5303
  28.2100;   3.1000;   9.8800;  29.4703;  38.8543;   7.5400;  14.5600;   8.0003;  10.6600;   4.5087;  11.7000;   4.1546;  12.2788;   2.8600;  22.7500;   4.1600;  11.3100;   4.5500;   3.1200;  13.7418
1:  44.1892;2:  57.2724;13:  37.0845;22:  31.5897;23:  26.2391;27:  49.0340
  28.0501;   3.1079;   9.8656;  29.6400;  38.7838;   7.4925;  14.5600;   8.0554;  10.5743;   4.5061;  11.6928;   4.1600;  12.3500;   2.8432;  22.7500;   4.1600;  11.3100;   4.5305;   3.1200;  13.7800
1:  44.8744;2:  58.0807;13:  36.1594;22:  31.2912;23:  26.1602;27:  48.7663
  27.9857;   3.1027;   9.8800;  29.4984;  39.0000;   7.5400;  14.5600;   8.0027;  10.6304;   4.5253;  11.5973;   4.1596;  12.3500;   2.8600;  22.5384;   4.1220;  11.3100;   4.5500;   3.0969;  13.7800
1:  42.6971;2:  55.5085;13:  39.3141;22:  31.3559;23:  26.5337;27:  49.6802
  28.2100;   3.0966;   9.8800;  29.4886;  38.7197;   7.4883;  14.5600;   8.0600;  10.6600;   4.5500;  11.7000;   4.1600;  12.2298;   2.8381;  22.7500;   4.1600;  11.2331;   4.5500;   3.1200;  13.7471
1:  45.4493;2:  58.7573;13:  35.4815;22:  30.9786;23:  26.0789;27:  48.4557
  27.9541;   3.1200;   9.8800;  29.5220;  38.9532;   7.5400;  14.5600;   8.0600;  10.5693;   4.5500;  11.6086;   4.1582;  12.2472;   2.8518;  22.7500;   4.1600;  11.2224;   4.5084;   3.1200;  13.7353
1:  43.2505;2:  56.1625;13:  38.5021;22:  31.2399;23:  26.4597;27:  49.4559
  28.1771;   3.1084;   9.8679;  29.6400;  39.0000;   7.5400;  14.5600;   8.0600;  10.6600;   4.5500;  11.5896;   4.1600;  12.2490;   2.8600;  22.7500;   4.1600;  11.2550;   4.5067;   3.1200;  13.7800
1:  42.9087;2:  55.7499;13:  39.5012;22:  31.1002;23:  26.6303;27:  49.7034
  28.2100;   3.0896;   9.8032;  29.3942;  39.0000;   7.5015;  14.4927;   8.0600;  10.5644;   4.5500;  11.7000;   4.1600;  12.2283;   2.8409;  22.7500;   4.1600;  11.3100;   4.5500;   3.1084;  13.6645
1:  42.6744;2:  55.4776;13:  39.5807;22:  31.0945;23:  26.7343;27:  49.5763
  28.2100;   3.1200;   9.7854;  29.6400;  38.7617;   7.4764;  14.5600;   8.0600;  10.6600;   4.5500;  11.6927;   4.1536;  12.2434;   2.8392;  22.7308;   4.1277;  11.2283;   4.5047;   3.1200;  13.7800
1:  45.1939;2:  58.4566;13:  35.7844;22:  31.1063;23:  26.0320;27:  48.6708
  27.9397;   3.0900;   9.8800;  29.6400;  38.9731;   7.5087;  14.4571;   8.0052;  10.6600;   4.5500;  11.6380;   4.1600;  12.3500;   2.8446;  22.5274;   4.1600;  11.2374;   4.5401;   3.1200;  13.7745
1:  43.0588;2:  55.9385;13:  38.6271;22:  31.4373;23:  26.4128;27:  49.5812
  28.2100;   3.1200;   9.8800;  29.5540;  39.0000;   7.5231;  14.5600;   8.0600;  10.6568;   4.5500;  11.7000;   4.1600;  12.3500;   2.8600;  22.6963;   4.1392;  11.3100;   4.5500;   3.1103;  13.7800
1:  42.7865;2:  55.6026;13:  39.8539;22:  31.1357;23:  26.6974;27:  49.6937
  28.2100;   3.1200;   9.8800;  29.4201;  38.6587;   7.5400;  14.5382;   8.0600;  10.6600;   4.5254;  11.7000;   4.1588;  12.2734;   2.8600;  22.7500;   4.1589;  11.3100;   4.5500;   3.1200;  13.7800
1:  45.9362;2:  59.3296;13:  34.9431;22:  30.7398;23:  26.1002;27:  48.2245
  28.2100;   3.1200;   9.8038;  29.6400;  39.0000;   7.5400;  14.5600;   8.0090;  10.6172;   4.5500;  11.5931;   4.1315;  12.2283;   2.8429;  22.6316;   4.1600;  11.2878;   4.5439;   3.1131;  13.6888
1:  42.8612;2:  55.6993;13:  39.2496;22:  31.2557;23:  26.6001;27:  49.6053
  28.1513;   3.0897;   9.8040;  29.3576;  39.0000;   7.5400;  14.4808;   8.0086;  10.6323;   4.5500;  11.6690;   4.1237;  12.3500;   2.8600;  22.7500;   4.1419;  11.2262;   4.5141;   3.1089;  13.7677
1:  42.7210;2:  55.5329;13:  39.5009;22:  31.0439;23:  26.6471;27:  49.6799
  28.2042;   3.0932;   9.8800;  29.5575;  39.0000;   7.5400;  14.5600;   8.0600;  10.5817;   4.5333;  11.6444;   4.1224;  12.3500;   2.8479;  22.7500;   4.1600;  11.3100;   4.5256;   3.1200;  13.7637
1:  42.8244;2:  55.6502;13:  39.6379;22:  31.0868;23:  26.7175;27:  49.6871
  28.1807;   3.1200;   9.8800;  29.5497;  39.0000;   7.5400;  14.5306;   8.0294;  10.6600;   4.5263;  11.6449;   4.1600;  12.3500;   2.8600;  22.5626;   4.1540;  11.2432;   4.5500;   3.1200;  13.7722
1:  42.8376;2:  55.6697;13:  39.3875;22:  31.2876;23:  26.5558;27:  49.6956
  28.0273;   3.1200;   9.7902;  29.4339;  39.0000;   7.5294;  14.5600;   8.0600;  10.6600;   4.5272;  11.7000;   4.1439;  12.3500;   2.8600;  22.7248;   4.1294;  11.2725;   4.5500;   3.1131;  13.7800
1:  42.6148;2:  55.4041;13:  39.8440;22:  31.0879;23:  26.6846;27:  49.6965
  28.0035;   3.1200;   9.8800;  29.6400;  39.0000;   7.5400;  14.5600;   7.9977;  10.6600;   4.5060;  11.7000;   4.1471;  12.2754;   2.8403;  22.6537;   4.1484;  11.3024;   4.5500;   3.0925;  13.7051
1:  42.7604;2:  55.5780;13:  39.5281;22:  31.2015;23:  26.6531;27:  49.6010
  28.2100;   3.1137;   9.8187;  29.6259;  38.8407;   7.4805;  14.5600;   7.9823;  10.5915;   4.5411;  11.6074;   4.1516;  12.3363;   2.8548;  22.7500;   4.1443;  11.3100;   4.5500;   3.0991;  13.7290
1:  44.3794;2:  57.4983;13:  36.7391;22:  31.5527;23:  26.1862;27:  48.9412
  28.2100;   3.1096;   9.8343;  29.4427;  38.8491;   7.5400;  14.5600;   8.0199;  10.6600;   4.5367;  11.7000;   4.1340;  12.3500;   2.8600;  22.7500;   4.1600;  11.2152;   4.5500;   3.1200;  13.7595
1:  44.2502;2:  57.3443;13:  37.0035;22:  31.5557;23:  26.1782;27:  49.0290
  28.2100;   3.1133;   9.8193;  29.6400;  39.0000;   7.4709;  14.5600;   7.9970;  10.6408;   4.5499;  11.7000;   4.1573;  12.3500;   2.8339;  22.7500;   4.1229;  11.3002;   4.5500;   3.1200;  13.6461
1:  42.8025;2:  55.6228;13:  39.7550;22:  31.0862;23:  26.6957;27:  49.5694
  27.9287;   3.1200;   9.8800;  29.4601;  39.0000;   7.5381;  14.5497;   8.0600;  10.6600;   4.5500;  11.6055;   4.1324;  12.3500;   2.8373;  22.6594;   4.1206;  11.2075;   4.5381;   3.1193;  13.7800
1:  42.6953;2:  55.5035;13:  39.4779;22:  31.1731;23:  26.5443;27:  49.7027
  28.2100;   3.0992;   9.8800;  29.6400;  38.9758;   7.5400;  14.5600;   8.0436;  10.6600;   4.5500;  11.6654;   4.1600;  12.3500;   2.8524;  22.5331;   4.1373;  11.3100;   4.5189;   3.1161;  13.6615
1:  43.1614;2:  56.0526;13:  38.8970;22:  31.4343;23:  26.4419;27:  49.4761
  27.9990;   3.1112;   9.8511;  29.6400;  39.0000;   7.5400;  14.5600;   8.0600;  10.6600;   4.5500;  11.7000;   4.1600;  12.2944;   2.8600;  22.5625;   4.1600;  11.2491;   4.5313;   3.1200;  13.7377
1:  42.8138;2:  55.6420;13:  39.3929;22:  31.2839;23:  26.5527;27:  49.6611
  28.0897;   3.1177;   9.8791;  29.6102;  39.0000;   7.5400;  14.5600;   8.0183;  10.6600;   4.5408;  11.7000;   4.1600;  12.3500;   2.8600;  22.6830;   4.1600;  11.3100;   4.5500;   3.1183;  13.7789
1:  42.7620;2:  55.5754;13:  39.7878;22:  31.1457;23:  26.7143;27:  49.7005
  28.2100;   3.1165;   9.8008;  29.3965;  38.8347;   7.5400;  14.5600;   8.0600;  10.6147;   4.5500;  11.5878;   4.1600;  12.3204;   2.8600;  22.5337;   4.1600;  11.3100;   4.5500;   3.1200;  13.7800
1:  44.3239;2:  57.4354;13:  36.6619;22:  31.5218;23:  26.1351;27:  48.9871
  28.2067;   3.1200;   9.7902;  29.6400;  38.8017;   7.5400;  14.5406;   8.0175;  10.6600;   4.5082;  11.7000;   4.1358;  12.3062;   2.8351;  22.5683;   4.1384;  11.3100;   4.5500;   3.1161;  13.6831
1:  44.7314;2:  57.9128;13:  36.3063;22:  31.3526;23:  26.1216;27:  48.7434
  28.2100;   3.1200;   9.8474;  29.6400;  38.9245;   7.5400;  14.5600;   8.0600;  10.6600;   4.5240;  11.6286;   4.1600;  12.3500;   2.8600;  22.5965;   4.1301;  11.2037;   4.5500;   3.1122;  13.7800
1:  43.6435;2:  56.6245;13:  38.0562;22:  31.5008;23:  26.2634;27:  49.3685
  28.2100;   3.1200;   9.8800;  29.6400;  38.8221;   7.5400;  14.5600;   8.0197;  10.6597;   4.5500;  11.7000;   4.1479;  12.2472;   2.8600;  22.7364;   4.1600;  11.2046;   4.5189;   3.1200;  13.7767
1:  44.6837;2:  57.8547;13:  36.4772;22:  31.4182;23:  26.1101;27:  48.9292
  28.2100;   3.1200;   9.8800;  29.6400;  39.0000;   7.5400;  14.4968;   8.0114;  10.5629;   4.5190;  11.6801;   4.1416;  12.3500;   2.8600;  22.7500;   4.1463;  11.2565;   4.5500;   3.0928;  13.7800
1:  42.8604;2:  55.6925;13:  39.5969;22:  31.0439;23:  26.7176;27:  49.6762
  28.0962;   3.1157;   9.8441;  29.6400;  39.0000;   7.5400;  14.4763;   8.0600;  10.6600;   4.5500;  11.6456;   4.1600;  12.2336;   2.8600;  22.7500;   4.1600;  11.3100;   4.5500;   3.1200;  13.7618
1:  42.7552;2:  55.5692;13:  39.6948;22:  31.0995;23:  26.7293;27:  49.6851
  28.2100;   3.1049;   9.8800;  29.3997;  39.0000;   7.5137;  14.5600;   8.0600;  10.6108;   4.5500;  11.6394;   4.1600;  12.3500;   2.8523;  22.7500;   4.1479;  11.3100;   4.5500;   3.1200;  13.6957
1:  42.7009;2:  55.5041;13:  39.8237;22:  31.0891;23:  26.7275;27:  49.6191
  28.2100;   3.1200;   9.8388;  29.6400;  39.0000;   7.5400;  14.4355;   8.0600;  10.5655;   4.5500;  11.6911;   4.1550;  12.3500;   2.8396;  22.7500;   4.1588;  11.3100;   4.5500;   3.1082;  13.7800
1:  42.8119;2:  55.6348;13:  39.6867;22:  31.0632;23:  26.7644;27:  49.6915
  28.0409;   3.1200;   9.8496;  29.6400;  38.6485;   7.4855;  14.5600;   8.0600;  10.6600;   4.5500;  11.6374;   4.1429;  12.3500;   2.8600;  22.5640;   4.1273;  11.3100;   4.5257;   3.1189;  13.7800
1:  46.0924;2:  59.5153;13:  34.6509;22:  30.6026;23:  25.9905;27:  48.1789
  28.2100;   3.1031;   9.8659;  29.6400;  38.8878;   7.5324;  14.5600;   8.0600;  10.6600;   4.5500;  11.6292;   4.1600;  12.2887;   2.8397;  22.6508;   4.1600;  11.2478;   4.5101;   3.1200;  13.7753
1:  44.0597;2:  57.1191;13:  37.2866;22:  31.6012;23:  26.1718;27:  49.2123
  27.9395;   3.1200;   9.8800;  29.6400;  38.8499;   7.4968;  14.5268;   8.0600;  10.6344;   4.5282;  11.6354;   4.1600;  12.2962;   2.8333;  22.5620;   4.1600;  11.2009;   4.5500;   3.1082;  13.7800
1:  44.2616;2:  57.3630;13:  36.6824;22:  31.5278;23:  26.0854;27:  49.0413
  28.2084;   3.1200;   9.7989;  29.6400;  38.6507;   7.5400;  14.5600;   8.0168;  10.6161;   4.5500;  11.6163;   4.1367;  12.3500;   2.8600;  22.7445;   4.1600;  11.3100;   4.5096;   3.1113;  13.7303
1:  46.1529;2:  59.5849;13:  34.6676;22:  30.6157;23:  26.0771;27:  48.1312
  28.0432;   3.1200;   9.8169;  29.6400;  38.8744;   7.5130;  14.5600;   8.0600;  10.6600;   4.5194;  11.7000;   4.1592;  12.3500;   2.8463;  22.7500;   4.1538;  11.2196;   4.5500;   3.1200;  13.7800
1:  44.0081;2:  57.0561;13:  37.4805;22:  31.4845;23:  26.2477;27:  49.1590
  28.2100;   3.1200;   9.8800;  29.6400;  38.9753;   7.4911;  14.4909;   8.0078;  10.6600;   4.5340;  11.5983;   4.1350;  12.3500;   2.8519;  22.7500;   4.1590;  11.3100;   4.5500;   3.1200;  13.7800
1:  43.0737;2:  55.9465;13:  39.1690;22:  31.2026;23:  26.6252;27:  49.5964
  28.2100;   3.1200;   9.8228;  29.6400;  39.0000;   7.4809;  14.5600;   8.0309;  10.6092;   4.5338;  11.6236;   4.1600;  12.3500;   2.8324;  22.6820;   4.1425;  11.3100;   4.5500;   3.1200;  13.7049
1:  42.8232;2:  55.6504;13:  39.5382;22:  31.1958;23:  26.6472;27:  49.6282
  28.2100;   3.1200;   9.8309;  29.3567;  38.7864;   7.4717;  14.4244;   8.0600;  10.6440;   4.5500;  11.7000;   4.1275;  12.3500;   2.8394;  22.7500;   4.1332;  11.3100;   4.5500;   3.1200;  13.7800
1:  44.7340;2:  57.9174;13:  36.2175;22:  31.3229;23:  26.1449;27:  48.7776
  28.2100;   3.1200;   9.8800;  29.4784;  39.0000;   7.5400;  14.5583;   7.9993;  10.5862;   4.5456;  11.7000;   4.1600;  12.2620;   2.8600;  22.6425;   4.1600;  11.3100;   4.5500;   3.1200;  13.6489
1:  42.7852;2:  55.6073;13:  39.4876;22:  31.2034;23:  26.6756;27:  49.5723
  28.2100;   3.0930;   9.8800;  29.6400;  38.9439;   7.5201;  14.5600;   8.0600;  10.5536;   4.5248;  11.7000;   4.1357;  12.3500;   2.8600;  22.7500;   4.1200;  11.3100;   4.5218;   3.0910;  13.7800
1:  43.4354;2:  56.3745;13:  38.6021;22:  31.2697;23:  26.4909;27:  49.4314
  28.1953;   3.1200;   9.8800;  29.3480;  38.8174;   7.5400;  14.5380;   7.9824;  10.5601;   4.5457;  11.6728;   4.1477;  12.3438;   2.8458;  22.7500;   4.1600;  11.3100;   4.5114;   3.1125;  13.7800
1:  44.5500;2:  57.7012;13:  36.4069;22:  31.4147;23:  26.1836;27:  48.9045
  28.2100;   3.0992;   9.8800;  29.6400;  38.9308;   7.5400;  14.4285;   8.0600;  10.5574;   4.5500;  11.6891;   4.1600;  12.3316;   2.8593;  22.7500;   4.1600;  11.3100;   4.5500;   3.0912;  13.7800
1:  43.5122;2:  56.4669;13:  38.3943;22:  31.3039;23:  26.5249;27:  49.3748
  28.2100;   3.0891;   9.8499;  29.6400;  38.6811;   7.5400;  14.5600;   8.0289;  10.6600;   4.5327;  11.6303;   4.1600;  12.3202;   2.8600;  22.7500;   4.1600;  11.1978;   4.5500;   3.1200;  13.6445
1:  45.8653;2:  59.2456;13:  35.0593;22:  30.7814;23:  26.0469;27:  48.1860
  28.2100;   3.0988;   9.8340;  29.6400;  39.0000;   7.5400;  14.5600;   7.9836;  10.6596;   4.5500;  11.6735;   4.1358;  12.3230;   2.8600;  22.7500;   4.1459;  11.2835;   4.5500;   3.1200;  13.6817
1:  42.8093;2:  55.6305;13:  39.7664;22:  31.0635;23:  26.7248;27:  49.6051
  28.2100;   3.0906;   9.8674;  29.6400;  38.6953;   7.5400;  14.4831;   8.0600;  10.5907;   4.5500;  11.7000;   4.1220;  12.3500;   2.8432;  22.5796;   4.1600;  11.2871;   4.5500;   3.0945;  13.7800
1:  45.7231;2:  59.0801;13:  35.1189;22:  30.8223;23:  26.0913;27:  48.3576
  28.2100;   3.1041;   9.8800;  29.4223;  39.0000;   7.5400;  14.4166;   8.0600;  10.6600;   4.5500;  11.7000;   4.1579;  12.2773;   2.8490;  22.6903;   4.1497;  11.3020;   4.5500;   3.1018;  13.7800
1:  42.7253;2:  55.5359;13:  39.6163;22:  31.1488;23:  26.6896;27:  49.6852
  28.2100;   3.0913;   9.8462;  29.6400;  38.9878;   7.5400;  14.4675;   7.9835;  10.5807;   4.5500;  11.7000;   4.1455;  12.3500;   2.8600;  22.5700;   4.1368;  11.2758;   4.5500;   3.1200;  13.7800
1:  42.9868;2:  55.8482;13:  39.0440;22:  31.3063;23:  26.5490;27:  49.6507
  28.2100;   3.0956;   9.8335;  29.6400;  39.0000;   7.5400;  14.4555;   7.9995;  10.5571;   4.5500;  11.7000;   4.1600;  12.3500;   2.8383;  22.7500;   4.1260;  11.3100;   4.5189;   3.0897;  13.6833
1:  42.8629;2:  55.6970;13:  39.5074;22:  31.0630;23:  26.7007;27:  49.5764
  28.0781;   3.1200;   9.7842;  29.5486;  39.0000;   7.5400;  14.4553;   8.0432;  10.6235;   4.5126;  11.7000;   4.1600;  12.3500;   2.8600;  22.7500;   4.1410;  11.3061;   4.5074;   3.1200;  13.7340
1:  42.7546;2:  55.5702;13:  39.5886;22:  31.0720;23:  26.6913;27:  49.6574
  28.0692;   3.0960;   9.8800;  29.6400;  38.6807;   7.5400;  14.4873;   8.0600;  10.5799;   4.5158;  11.7000;   4.1600;  12.3437;   2.8600;  22.6416;   4.1595;  11.2844;   4.5208;   3.1200;  13.7202
1:  45.8420;2:  59.2209;13:  34.9242;22:  30.7376;23:  26.0746;27:  48.2601
  28.0574;   3.1200;   9.8737;  29.6400;  38.7056;   7.5400;  14.4849;   8.0600;  10.6600;   4.5500;  11.7000;   4.1509;  12.2300;   2.8600;  22.5598;   4.1600;  11.3100;   4.5500;   3.1200;  13.7800
1:  45.5614;2:  58.8908;13:  35.2567;22:  30.8871;23:  26.0888;27:  48.4274
  28.2100;   3.1200;   9.8284;  29.3588;  39.0000;   7.5400;  14.5600;   8.0145;  10.6600;   4.5185;  11.7000;   4.1575;  12.3032;   2.8493;  22.6056;   4.1588;  11.3100;   4.5249;   3.0938;  13.7800
1:  42.7456;2:  55.5625;13:  39.4382;22:  31.2603;23:  26.6096;27:  49.6772
  28.2100;   3.1200;   9.8800;  29.6400;  39.0000;   7.5400;  14.5600;   8.0291;  10.6319;   4.5272;  11.6142;   4.1529;  12.3465;   2.8447;  22.5708;   4.1600;  11.3100;   4.5123;   3.1035;  13.7800
1:  42.9414;2:  55.7923;13:  39.2379;22:  31.3233;23:  26.5514;27:  49.6868
  27.9957;   3.0928;   9.8670;  29.3461;  39.0000;   7.5400;  14.5600;   8.0600;  10.5763;   4.5500;  11.7000;   4.1600;  12.2434;   2.8600;  22.6362;   4.1402;  11.2008;   4.5288;   3.1191;  13.7022
1:  42.6931;2:  55.5036;13:  39.3254;22:  31.1756;23:  26.5562;27:  49.6246
  28.0950;   3.0929;   9.8800;  29.5042;  39.0000;   7.5355;  14.4320;   8.0600;  10.6102;   4.5500;  11.6815;   4.1483;  12.3395;   2.8600;  22.7500;   4.1422;  11.3100;   4.5183;   3.0923;  13.6549
1:  42.7515;2:  55.5663;13:  39.6090;22:  31.0753;23:  26.7040;27:  49.5506
  28.1643;   3.1200;   9.8800;  29.6400;  38.6444;   7.5400;  14.5600;   8.0600;  10.5826;   4.5454;  11.5838;   4.1600;  12.3500;   2.8600;  22.7500;   4.1352;  11.3100;   4.5500;   3.1188;  13.7222
1:  46.1541;2:  59.5853;13:  34.7250;22:  30.6362;23:  26.0728;27:  48.1034
  28.1833;   3.1145;   9.7911;  29.4124;  38.9239;   7.5141;  14.4772;   8.0600;  10.6600;   4.5500;  11.7000;   4.1289;  12.3374;   2.8508;  22.7500;   4.1600;  11.3100;   4.5167;   3.1200;  13.6513
1:  43.4771;2:  56.4285;13:  38.2654;22:  31.3522;23:  26.4433;27:  49.2450
  28.2100;   3.0916;   9.7855;  29.6400;  38.9305;   7.5029;  14.5600;   8.0600;  10.6600;   4.5500;  11.6317;   4.1600;  12.3500;   2.8496;  22.6863;   4.1562;  11.3100;   4.5500;   3.1200;  13.7800
1:  43.4742;2:  56.4224;13:  38.4308;22:  31.4223;23:  26.4323;27:  49.4023
  27.9546;   3.1200;   9.7964;  29.6400;  38.8522;   7.5400;  14.5600;   8.0600;  10.6600;   4.5500;  11.6239;   4.1573;  12.3500;   2.8600;  22.6474;   4.1506;  11.2549;   4.5500;   3.1200;  13.7800
1:  44.1796;2:  57.2635;13:  36.9531;22:  31.6409;23:  26.1274;27:  49.0630
  28.2100;   3.1200;   9.8720;  29.6400;  39.0000;   7.5400;  14.4163;   8.0600;  10.6426;   4.5500;  11.6105;   4.1535;  12.3500;   2.8600;  22.7500;   4.1600;  11.2616;   4.5228;   3.1060;  13.6480
1:  42.8899;2:  55.7275;13:  39.5454;22:  31.0753;23:  26.6779;27:  49.5573
  28.2100;   3.1157;   9.8617;  29.5363;  39.0000;   7.5400;  14.4423;   8.0600;  10.5663;   4.5500;  11.5876;   4.1328;  12.2710;   2.8600;  22.7091;   4.1447;  11.3100;   4.5288;   3.1200;  13.6634
1:  42.8305;2:  55.6626;13:  39.3182;22:  31.1604;23:  26.6510;27:  49.5867
  28.2095;   3.1200;   9.8800;  29.6400;  39.0000;   7.5400;  14.4645;   8.0137;  10.6068;   4.5500;  11.7000;   4.1600;  12.3500;   2.8534;  22.6676;   4.1556;  11.2316;   4.5484;   3.1200;  13.7682
1:  42.8851;2:  55.7227;13:  39.4970;22:  31.1290;23:  26.6539;27:  49.6916
  27.9915;   3.1175;   9.8773;  29.4784;  38.9665;   7.5377;  14.5600;   8.0600;  10.5997;   4.5124;  11.7000;   4.1600;  12.3500;   2.8600;  22.7338;   4.1600;  11.2529;   4.5162;   3.0965;  13.7126
1:  43.0695;2:  55.9443;13:  39.0166;22:  31.1860;23:  26.5595;27:  49.4672
  28.2100;   3.1178;   9.8800;  29.6400;  39.0000;   7.5207;  14.4520;   8.0600;  10.6446;   4.5500;  11.6817;   4.1442;  12.2488;   2.8600;  22.7500;   4.1600;  11.2256;   4.5500;   3.1200;  13.7800
1:  42.8664;2:  55.6997;13:  39.5815;22:  31.0588;23:  26.6855;27:  49.7034
  28.1894;   3.1200;   9.8173;  29.6400;  39.0000;   7.5400;  14.4903;   8.0566;  10.6068;   4.5500;  11.6616;   4.1600;  12.2973;   2.8529;  22.7500;   4.1600;  11.3100;   4.5500;   3.1200;  13.7267
1:  42.7914;2:  55.6106;13:  39.7179;22:  31.0810;23:  26.7478;27:  49.6500
  28.2100;   3.0979;   9.8487;  29.5346;  38.7749;   7.5400;  14.4893;   8.0032;  10.5958;   4.5169;  11.7000;   4.1207;  12.3500;   2.8381;  22.6982;   4.1532;  11.2553;   4.5341;   3.1029;  13.7421
1:  44.9885;2:  58.2168;13:  35.9128;22:  31.1857;23:  26.1291;27:  48.6730
  28.1927;   3.1130;   9.8800;  29.5772;  39.0000;   7.4859;  14.5600;   7.9933;  10.6096;   4.5500;  11.7000;   4.1284;  12.3500;   2.8337;  22.7500;   4.1600;  11.3100;   4.5446;   3.1046;  13.7800
1:  42.8035;2:  55.6252;13:  39.6830;22:  31.0853;23:  26.7381;27:  49.6880
  28.1372;   3.1200;   9.8800;  29.5330;  38.7728;   7.5400;  14.5286;   8.0411;  10.5661;   4.5255;  11.5945;   4.1600;  12.3500;   2.8476;  22.6624;   4.1305;  11.3100;   4.5500;   3.1179;  13.7800
1:  44.9441;2:  58.1643;13:  35.9855;22:  31.2154;23:  26.1213;27:  48.7166
  28.2100;   3.1200;   9.7945;  29.5313;  39.0000;   7.5400;  14.5600;   7.9993;  10.6600;   4.5302;  11.6145;   4.1600;  12.2965;   2.8489;  22.7500;   4.1600;  11.2855;   4.5329;   3.0980;  13.7555
1:  42.7808;2:  55.6000;13:  39.6221;22:  31.0946;23:  26.6926;27:  49.6569
  28.2100;   3.1131;   9.8144;  29.5339;  39.0000;   7.5400;  14.4915;   8.0572;  10.6600;   4.5439;  11.6413;   4.1600;  12.2885;   2.8600;  22.7247;   4.1428;  11.3100;   4.5376;   3.1115;  13.7080
1:  42.7672;2:  55.5836;13:  39.6638;22:  31.1261;23:  26.6849;27:  49.6229
  28.2100;   3.1200;   9.8800;  29.6400;  39.0000;   7.5400;  14.4661;   8.0600;  10.5795;   4.5175;  11.7000;   4.1533;  12.3500;   2.8320;  22.5560;   4.1600;  11.2988;   4.5500;   3.1058;  13.7800
1:  42.8815;2:  55.7219;13:  39.2982;22:  31.3045;23:  26.6037;27:  49.6891
  28.0637;   3.1200;   9.8800;  29.6400;  38.9920;   7.4739;  14.5600;   8.0600;  10.5672;   4.5266;  11.5969;   4.1340;  12.3500;   2.8344;  22.6319;   4.1600;  11.2295;   4.5500;   3.1107;  13.7800
1:  42.9176;2:  55.7669;13:  39.1136;22:  31.2648;23:  26.5386;27:  49.6594
  28.1500;   3.1200;   9.7890;  29.6400;  38.8480;   7.5400;  14.5591;   8.0600;  10.6600;   4.5500;  11.7000;   4.1203;  12.3120;   2.8553;  22.6531;   4.1451;  11.3100;   4.5500;   3.1034;  13.7800
1:  44.2853;2:  57.3859;13:  36.9461;22:  31.6344;23:  26.1656;27:  49.0280
  28.1388;   3.1200;   9.8129;  29.6400;  38.8060;   7.5400;  14.5494;   8.0113;  10.6600;   4.5460;  11.6449;   4.1467;  12.3500;   2.8368;  22.5905;   4.1600;  11.2051;   4.5459;   3.0900;  13.7800
1:  44.7237;2:  57.9041;13:  36.2916;22:  31.3420;23:  26.0803;27:  48.8327
  28.2100;   3.1200;   9.8714;  29.6400;  38.6126;   7.4984;  14.4421;   8.0253;  10.5805;   4.5500;  11.6157;   4.1226;  12.3500;   2.8600;  22.7500;   4.1600;  11.3100;   4.5500;   3.1200;  13.7800
1:  46.4570;2:  59.9443;13:  34.2195;22:  30.4263;23:  26.0969;27:  48.0244
  28.2100;   3.1200;   9.8800;  29.5408;  39.0000;   7.5400;  14.5600;   8.0600;  10.5997;   4.5500;  11.6803;   4.1600;  12.2887;   2.8600;  22.7500;   4.1199;  11.2740;   4.5486;   3.1200;  13.7800
1:  42.8003;2:  55.6200;13:  39.7670;22:  31.0605;23:  26.6908;27:  49.7034
  27.9297;   3.1200;   9.8499;  29.4685;  38.6804;   7.5400;  14.5545;   8.0568;  10.6600;   4.5101;  11.7000;   4.1600;  12.3500;   2.8513;  22.7500;   4.1460;  11.2992;   4.5500;   3.1200;  13.7007
1:  45.6246;2:  58.9646;13:  35.2138;22:  30.8658;23:  26.0890;27:  48.2392
  28.0179;   3.1132;   9.8626;  29.6400;  38.9303;   7.5400;  14.5600;   8.0203;  10.6600;   4.5500;  11.6423;   4.1454;  12.3149;   2.8600;  22.5836;   4.1600;  11.3100;   4.5401;   3.1200;  13.7800
1:  43.4792;2:  56.4331;13:  38.1405;22:  31.5384;23:  26.3582;27:  49.4014
  28.1910;   3.1200;   9.7984;  29.6400;  38.9305;   7.5106;  14.4612;   8.0600;  10.6118;   4.5500;  11.7000;   4.1341;  12.3500;   2.8600;  22.6378;   4.1600;  11.3100;   4.5121;   3.1176;  13.7800
1:  43.5731;2:  56.5429;13:  38.0761;22:  31.4620;23:  26.3812;27:  49.3998
  28.2100;   3.1188;   9.8070;  29.6400;  38.6598;   7.5400;  14.4723;   7.9932;  10.6600;   4.5500;  11.6263;   4.1600;  12.2672;   2.8600;  22.7157;   4.1600;  11.3100;   4.5500;   3.1162;  13.7800
1:  46.0022;2:  59.4087;13:  34.7807;22:  30.6748;23:  26.1049;27:  48.2252
  28.2100;   3.1200;   9.8800;  29.6400;  39.0000;   7.5400;  14.5600;   8.0600;  10.6600;   4.5500;  11.7000;   4.1600;  12.3500;   2.8600;  22.7500;   4.1600;  11.3100;   4.5500;   3.1200;  13.7800
1:  42.8144;2:  55.6326;13:  39.9808;22:  31.0631;23:  26.7657;27:  49.7034
