-0.02095441
-0.08062737
0.17335035
0.18428506
0.14058511
0.102963194
-0.1838161
0.22215098
-0.19416976
-0.06308936
-0.13537446
0.07396803
-0.17323159
-0.080904484
-0.14007762
-0.14371143
-0.1069551
0.22079925
-0.012925108
0.078947544
-0.23068205
0.24951382
-0.051572476
-0.19392341
0.19351707
-0.06185463
0.21243215
-0.15263854
-0.21444912
-0.16750081
0.107687525
0.006952184
0.03270277
0.1732612
0.09958526
0.09648606
0.16772859
0.019281134
0.1690547
0.11105417
-0.068053685
-0.060139235
0.056689873
0.22005025
0.10500479
-0.07883305
-0.040224656
0.11181439
0.20616557
-0.15835096
-0.07365308
0.06777234
-0.21691969
0.3207112
-0.16325638
0.33573976
0.7092315
-0.006609877
-0.13364239
0.36558196
0.55502814
