  74.0998;
  15.0195;
 135.1605;
  16.0213;
  44.0558;
  16.0304;
  75.0858;
  46.0585;
  44.0497;
  44.0516;
  45.0616;
  16.0190;
  75.1145;
  45.0804;
  75.0859;
  16.0236;
  75.0953;
  15.0196;
  75.0871;
  17.0375;
  75.0847;
  48.0604;
  78.1042;
  19.0431;
  79.0904;
  17.0212;
  78.1303;
  18.0229;
  79.0952;
  50.0629;
  80.1090;
  18.0228;
  79.1338;
  18.0277;
  78.1248;
  48.0564;
  49.0576;
  47.0545;
  77.0997;
  21.0297;
  79.0952;
  49.0816;
  49.1260;
  47.0582;
  48.0783;
  48.0561;
  78.0947;
  17.0226;
  78.0861;
  18.0230;
 108.1209;
  18.0460;
  78.0885;
  18.0481;
  77.0892;
  49.0582;
  79.1246;
  18.0393;
  78.1036;
  18.0249;
  79.0907;
  17.0321;
  79.1113;
  47.0548;
  80.1063;
  19.0773;
  64.0786;
  20.0261;
  78.1105;
  18.0236;
  78.0887;
  49.0792;
  52.0716;
  49.0573;
  48.0934;
  48.0598;
  50.0817;
  51.0565;
  21.0263;
  19.0455;
 109.1385;
  19.0244;
  79.0926;
  19.0278;
  78.0948;
  48.0669;
  80.0969;
  49.0619;
  50.0582;
  19.0245;
  80.1080;
  51.0791;
  78.0887;
  19.0266;
  78.0821;
  19.0575;
  77.0918;
  18.0231;
 109.1273;
  50.0866;
  49.0572;
  18.0245;
  79.1156;
  49.0769;
  79.1218;
  19.0224;
  82.0931;
  51.0645;
  79.0921;
  19.0274;
  79.0833;
  49.0571;
  80.0901;
  16.0221;
  80.0963;
  49.0516;
  79.0933;
  50.0578;
  50.0591;
  18.0496;
 108.1284;
  19.0368;
  78.0999;
  18.0230;
  79.0926;
  49.0563;
  78.0937;
  19.0270;
  79.0997;
  50.0775;
  78.0935;
  48.0560;
  50.0574;
  47.0547;
  79.1204;
  19.0235;
  80.0956;
  48.0562;
  77.1682;
  19.0236;
  78.0888;
  48.0786;
  78.0935;
  18.0225;
  78.0945;
  48.0552;
  78.0978;
  19.0260;
  78.0878;
  48.0821;
  77.0881;
  18.0259;
  78.0953;
  49.0819;
  79.0960;
  17.0219;
 110.1766;
  19.0272;
  79.1135;
  48.0609;
  79.0971;
  18.0756;
  79.1070;
  47.0522;
  79.0901;
  19.0573;
 109.1614;
  48.0688;
  49.0574;
  49.0569;
  78.1090;
  18.0437;
  79.0889;
  49.0614;
  78.0886;
  17.0206;
 108.1242;
  47.0539;
  48.0747;
  47.0695;
  79.0906;
  19.0289;
  78.0948;
  48.0563;
  78.0884;
  19.0269;
  78.1770;
  19.0277;
1001.0961;
