  74.1106;
  15.0235;
 135.1379;
  15.0192;
  44.0541;
  15.0193;
  75.1140;
  45.0517;
  44.0517;
  45.0782;
  45.0532;
  16.0242;
  75.0886;
  46.0645;
  75.0956;
  16.0323;
  76.1173;
  15.0263;
  75.0893;
  17.0777;
  75.0872;
  46.0576;
  77.0974;
  19.0660;
  78.1243;
  16.0247;
  79.0942;
  18.0440;
  79.1081;
  52.0844;
  79.0892;
  18.0230;
  79.1146;
  18.0445;
  78.0992;
  48.0561;
  49.0615;
  48.0765;
  77.0974;
  21.0356;
  78.0924;
  49.0622;
  48.0566;
  48.0686;
  47.0591;
  49.0785;
  79.1237;
  17.0207;
  78.0928;
  18.0309;
 108.1302;
  18.0440;
  78.0932;
  19.0232;
  77.0929;
  50.0604;
  78.0935;
  18.0264;
  80.0999;
  19.0630;
  79.1156;
  17.0471;
  79.0963;
  47.0674;
  80.1358;
  19.0813;
  64.1117;
  19.0275;
  77.0861;
  18.0276;
  78.0876;
  49.0578;
  52.0901;
  49.0559;
  47.0598;
  48.0587;
  50.0582;
  51.0588;
  25.0536;
  19.0237;
 109.1247;
  19.0239;
  79.0947;
  19.0236;
  79.1153;
  48.0594;
  80.0909;
  50.0587;
  50.1453;
  19.0268;
  80.0912;
  51.0835;
  78.0895;
  19.0234;
  78.1099;
  18.0241;
  77.0944;
  18.0225;
 109.1192;
  50.0584;
  50.0624;
  18.0254;
  79.0890;
  49.0574;
  79.1317;
  19.0346;
  82.0931;
  51.0594;
  79.0892;
  19.0241;
  79.0897;
  49.0622;
  80.1028;
  16.0210;
  80.0917;
  49.0570;
  80.1011;
  50.0704;
  49.0613;
  18.0231;
 108.1411;
  19.0243;
  79.1017;
  18.0233;
  79.0907;
  49.0571;
  78.0878;
  19.0240;
  79.1131;
  50.0579;
  78.0891;
  48.0572;
  50.0789;
  47.0550;
  79.1035;
  19.0388;
  80.0953;
  48.0958;
  78.0971;
  19.0235;
  78.0969;
  47.0588;
  78.0823;
  18.0225;
  78.0947;
  47.0596;
  78.1903;
  19.0367;
  78.1039;
  48.0860;
  78.1185;
  18.0225;
  77.0972;
  48.1320;
  81.1021;
  17.0231;
 110.1870;
  19.0221;
  78.0858;
  48.0566;
  79.1207;
  18.0442;
  79.0905;
  47.0537;
  79.0894;
  19.0425;
 109.1506;
  48.0576;
  49.0634;
  49.0616;
  78.1129;
  18.0230;
  80.1332;
  49.0784;
  78.1112;
  17.0214;
 108.1231;
  47.0706;
  48.0740;
  47.0659;
  79.0902;
  19.0287;
  78.0945;
  48.0555;
  78.0949;
  20.0397;
  78.0891;
  19.0236;
1001.0975;
