  68.0767;
  15.0252;
 135.1520;
  15.0278;
  44.0493;
  15.0238;
  75.0884;
  45.0522;
  44.0531;
  44.0575;
  45.0785;
  16.0237;
  75.0860;
  45.0585;
  75.0862;
  16.0203;
  75.0917;
  16.0360;
  75.0858;
  16.0233;
  77.0981;
  46.0534;
  77.0873;
  18.0264;
  78.1507;
  16.0212;
  77.0873;
  18.0507;
  78.0897;
  50.0761;
  79.1167;
  18.0232;
  79.1115;
  18.0390;
  78.1009;
  48.0763;
  50.1008;
  47.0594;
  77.0868;
  19.0234;
  78.0887;
  49.0631;
  49.0789;
  47.0549;
  48.0962;
  48.0560;
  78.0893;
  16.0235;
  79.0958;
  19.0457;
 108.1212;
  18.0263;
  79.1170;
  17.0280;
  78.0948;
  49.0569;
  79.1231;
  18.0343;
  78.2390;
  18.0228;
  79.0902;
  16.0239;
  80.1147;
  47.0554;
  80.1239;
  19.0465;
  77.1261;
  19.0526;
  65.0749;
  18.0435;
  78.0809;
  49.0778;
  53.0615;
  49.0772;
  47.0800;
  48.0614;
  50.0621;
  51.0587;
  21.0236;
  19.0229;
 109.1393;
  19.0366;
  79.1214;
  19.0231;
  78.0875;
  49.0778;
  80.1046;
  49.0566;
  51.0814;
  19.0372;
  80.1195;
  50.0626;
  78.0891;
  19.0301;
  78.0877;
  18.0260;
  77.0884;
  18.0264;
 109.1284;
  50.0806;
  49.0576;
  18.0211;
  79.0958;
  49.0612;
  79.1329;
  19.0441;
  82.0932;
  51.0595;
  79.0842;
  19.0278;
  79.0958;
  49.0624;
  80.0907;
  16.0220;
  80.0855;
  49.0717;
  79.0931;
  50.0756;
  49.0921;
  18.0229;
 107.1199;
  19.0242;
  78.0882;
  18.0289;
  79.0855;
  49.0826;
  78.0881;
  19.0246;
  78.0955;
  50.0852;
  78.0922;
  48.0715;
  49.0613;
  49.0784;
  78.0942;
  20.0337;
  80.0961;
  48.0552;
  66.1165;
  19.0238;
  78.0931;
  47.0523;
  78.0950;
  19.0423;
  78.1153;
  47.0558;
  78.0948;
  19.0246;
  77.0924;
  49.0789;
  78.1101;
  18.0251;
  77.0929;
  49.1011;
  79.1046;
  17.0268;
 110.1835;
  19.0241;
  78.0899;
  48.0666;
  78.0899;
  18.0486;
  79.0827;
  47.0501;
  79.0968;
  18.0217;
 109.1228;
  48.0632;
  49.0618;
  49.0637;
  78.1182;
  18.0247;
  79.0896;
  49.0562;
  77.0913;
  17.0220;
 108.1223;
  47.0546;
  48.0607;
  47.0548;
  78.0940;
  19.0235;
  78.1061;
  48.0557;
  78.0872;
  19.0234;
  78.0887;
  19.0287;
1001.1216;
