  74.0989;
  15.0192;
 135.1503;
  15.0202;
  44.0512;
  15.0231;
  75.0917;
  45.0597;
  44.0475;
  44.0513;
  45.0600;
  16.0195;
  75.0858;
  45.0532;
  75.0912;
  16.0196;
  75.0861;
  15.0379;
  75.0858;
  17.0693;
  75.0903;
  46.0551;
  77.0877;
  19.0308;
  77.0912;
  16.0204;
  77.0933;
  18.0248;
  78.0871;
  50.0627;
  79.0951;
  18.0233;
  79.0905;
  18.0224;
  78.0917;
  48.0562;
  49.0580;
  48.0767;
  77.0864;
  20.0606;
  78.0895;
  49.0570;
  49.0830;
  47.0550;
  48.0844;
  48.0793;
  78.0884;
  17.0215;
  78.0887;
  18.0222;
 108.1280;
  18.0521;
  78.0935;
  17.0234;
  79.0933;
  49.0568;
  79.0905;
  18.0431;
  78.0895;
  18.0226;
  79.0987;
  17.0355;
  79.0974;
  47.0769;
  80.1002;
  18.0247;
  78.1196;
  19.0579;
  76.0901;
  18.0359;
  78.0926;
  49.0783;
  53.0724;
  48.0605;
  47.0589;
  48.0626;
  50.0865;
  51.0587;
  21.0288;
  19.0278;
 109.1237;
  19.0234;
  79.1045;
  19.0321;
  78.0896;
  48.0568;
  80.1110;
  49.0572;
  50.1676;
  19.0241;
  80.0923;
  50.0613;
  79.0951;
  19.0259;
  78.0939;
  15.0557;
  77.0880;
  18.0228;
 109.1237;
  50.0690;
  49.0767;
  18.0229;
  79.0931;
  49.0587;
  79.1384;
  19.0242;
  82.0941;
  51.0597;
  79.0897;
  19.0235;
  79.0897;
  49.0559;
  80.0964;
  16.0599;
  80.1006;
  49.0569;
  79.1120;
  49.0619;
  49.0615;
  19.0271;
 108.1270;
  21.0658;
  78.0856;
  18.0229;
  79.0844;
  49.0676;
  78.0926;
  19.0296;
  78.0890;
  50.0580;
  78.1302;
  48.0581;
  50.0748;
  47.0546;
  79.0979;
  19.0244;
  81.1001;
  48.0561;
  77.1752;
  19.0290;
  78.0949;
  47.0553;
  78.0868;
  18.0226;
  78.0881;
  48.0809;
  77.0876;
  19.0238;
  66.0765;
  48.0561;
  77.0928;
  18.0539;
  77.0936;
  49.0786;
  79.0940;
  17.0220;
 110.1410;
  19.0223;
  78.0917;
  48.0588;
  67.0838;
  18.0618;
  79.0936;
  47.0586;
  79.0882;
  18.0257;
 109.1407;
  48.0554;
  49.0601;
  49.0618;
  77.0943;
  20.0556;
  79.0955;
  49.0532;
  78.1084;
  17.0225;
 108.1222;
  47.0590;
  48.0767;
  47.0551;
  79.0935;
  19.0509;
  78.0894;
  48.0557;
  78.1075;
  19.0382;
  79.0945;
  19.0351;
1001.1289;
