  75.1251;
  15.0200;
 135.1517;
  15.0202;
  44.0514;
  15.0341;
  75.0857;
  45.0530;
  44.0565;
  44.0523;
  45.0729;
  16.0203;
  75.1040;
  45.0522;
  75.1029;
  16.0215;
  75.0917;
  15.0239;
  77.1051;
  17.0438;
  75.0840;
  46.0535;
  77.0904;
  19.0243;
  78.1291;
  17.0245;
  78.0965;
  18.0222;
  79.1121;
  50.0607;
  79.0949;
  18.0371;
  79.0952;
  19.0245;
  78.1172;
  48.0676;
  49.0661;
  48.0697;
  77.0887;
  20.0520;
  78.0884;
  49.0644;
  49.0895;
  47.0702;
  48.0610;
  48.0551;
  78.1024;
  17.0236;
  78.0893;
  18.0256;
 108.1304;
  18.0228;
  78.0886;
  17.0220;
  77.0918;
  49.0559;
  79.1130;
  18.0235;
  78.1961;
  18.0226;
  79.1329;
  17.0494;
  79.0905;
  47.0708;
  79.0939;
  20.0248;
  77.1363;
  19.0343;
  77.1121;
  18.0543;
  78.0858;
  48.0607;
  52.0804;
  48.0561;
  47.0521;
  50.0863;
  50.0811;
  51.0592;
  21.0262;
  20.0525;
 109.1268;
  19.0241;
  79.0898;
  19.0247;
  78.0893;
  49.0675;
  80.0913;
  49.0569;
  50.0691;
  19.0392;
  80.1030;
  51.0861;
  78.0898;
  19.0246;
  78.0875;
  18.0226;
  77.0872;
  18.0269;
 109.1235;
  49.0617;
  51.0723;
  18.0224;
  79.1130;
  49.0625;
  79.1095;
  19.0256;
  82.0944;
  51.0593;
  79.0962;
  19.0238;
  79.0884;
  49.0572;
  80.1000;
  16.0210;
  80.0830;
  49.0701;
  79.0903;
  50.0718;
  49.0791;
  18.0549;
 107.1263;
  19.0264;
  78.0887;
  18.0226;
  79.0904;
  49.0561;
  79.1180;
  19.0251;
  78.0938;
  50.0630;
  78.0935;
  36.0470;
  49.0571;
  47.0553;
  79.1211;
  19.0235;
  80.1024;
  47.0583;
  78.1279;
  19.0242;
  78.0975;
  47.0632;
  78.0884;
  18.0259;
  78.0893;
  48.0698;
  78.0940;
  18.0279;
  78.1236;
  47.0595;
  78.0898;
  18.0229;
  77.0877;
  49.0945;
  79.0898;
  17.0256;
 110.1511;
  19.0239;
  78.0894;
  48.0700;
  78.0922;
  19.0273;
  80.1154;
  47.0620;
  79.0866;
  18.0217;
 109.1467;
  48.0555;
  49.0568;
  49.0699;
  78.1209;
  18.0233;
  79.1048;
  49.0587;
  78.0877;
  17.0248;
 108.1280;
  47.0548;
  49.0639;
  47.0548;
  79.0882;
  19.0409;
  78.0899;
  48.0630;
  78.0942;
  19.0218;
  78.1078;
  19.0238;
1001.1219;
