  74.1069;
  15.0283;
 135.1514;
  15.0226;
  44.0492;
  15.0191;
  75.0913;
  45.0549;
  44.0513;
  44.0563;
  45.0775;
  16.0200;
  75.0862;
  45.0525;
  75.0940;
  16.0212;
  75.0902;
  15.0224;
  75.0856;
  17.0707;
  75.1005;
  46.0530;
  77.0872;
  19.0250;
  78.1164;
  16.0204;
  77.1051;
  18.0265;
  78.0902;
  50.0580;
  79.0924;
  18.0228;
  79.0966;
  18.0255;
  78.0948;
  49.0621;
  49.0589;
  48.0804;
  77.0871;
  20.0237;
  78.0890;
  49.0554;
  48.0606;
  48.0565;
  48.0795;
  48.0620;
  78.0984;
  17.0435;
  78.0943;
  18.0235;
 108.1237;
  18.0378;
  78.1085;
  17.0214;
  77.0883;
  49.0613;
  79.1094;
  18.0308;
  78.0891;
  18.0562;
  79.1192;
  17.0216;
  79.0953;
  47.0660;
  81.1101;
  19.0248;
  77.1251;
  19.0593;
  77.1075;
  18.0236;
  78.0863;
  49.0825;
  52.0598;
  49.0744;
  47.0576;
  48.0598;
  49.0611;
  51.0693;
  22.0641;
  20.0667;
 109.1218;
  19.0241;
  79.1583;
  19.0298;
  78.1130;
  48.0551;
  80.0910;
  49.0566;
  50.1469;
  19.0244;
  80.0918;
  51.0727;
  78.0878;
  19.0242;
  78.0928;
  18.0281;
  77.0878;
  18.0209;
 109.1230;
  50.1076;
  49.0651;
  18.0228;
  79.0911;
  49.0633;
  78.0938;
  20.0395;
  82.1002;
  51.0611;
  79.1028;
  19.0239;
  79.0819;
  49.0573;
  80.0926;
  16.0283;
  80.0930;
  49.0728;
  79.0898;
  50.0796;
  49.0562;
  18.0433;
 108.1277;
  20.0249;
  78.0943;
  18.0327;
  79.1046;
  49.0615;
  78.0825;
  19.0310;
  78.1166;
  50.0748;
  78.0818;
  48.0550;
  50.0587;
  47.0593;
  79.1249;
  19.0270;
  80.1121;
  48.0556;
  77.0953;
  19.0235;
  78.0968;
  47.0514;
  78.0903;
  18.0434;
  78.0950;
  48.0716;
  78.1121;
  19.0256;
  78.1137;
  48.0677;
  78.1072;
  18.0224;
  77.1139;
  48.0547;
  80.1195;
  17.0292;
 110.1800;
  19.0337;
  78.0950;
  48.0731;
  79.1567;
  18.0592;
  79.0937;
  36.0425;
  79.0898;
  19.0316;
 109.1262;
  48.0611;
  49.0607;
  49.0671;
  77.0885;
  18.0255;
  79.1161;
  49.0592;
  78.0991;
  17.0216;
 108.1222;
  47.0535;
  48.0556;
  47.0547;
  79.0887;
  19.0456;
  78.0891;
  48.0572;
  78.0889;
  19.0229;
  78.1209;
  19.0236;
1001.1146;
