   0.1237;
   0.1282;
   0.1258;
   0.1285;
   0.1268;
   0.1216;
   0.1222;
   0.1211;
   0.1252;
   0.1254;
   0.1219;
   0.1158;
   0.1228;
   0.1167;
   0.1209;
   0.1090;
   0.1143;
   0.1110;
   0.1098;
   0.1108;
   0.1114;
   0.1122;
   0.1125;
  -0.0188;
   0.1021;
   0.1047;
   0.1065;
  -0.0195;
   0.1029;
  -0.0196;
  -0.0187;
   0.0967;
  -0.0193;
  -0.0192;
  -0.0184;
  -0.0191;
  -0.0177;
  -0.0180;
  -0.0172;
  -0.0179;
  -0.0188;
  -0.0184;
  -0.0175;
  -0.0186;
  -0.0186;
  -0.0181;
  -0.0186;
  -0.0172;
  -0.0184;
  -0.0171;
  -0.0183;
  -0.0170;
  -0.0170;
  -0.0181;
  -0.0172;
  -0.0180;
  -0.0175;
  -0.0170;
  -0.0170;
  -0.0177;
  -0.0178;
  -0.0176;
  -0.0168;
  -0.0175;
  -0.0164;
  -0.0171;
   0.0237;
  -0.0170;
   0.0222;
  -0.0165;
  -0.0171;
  -0.0170;
  -0.0170;
  -0.0159;
  -0.0163;
  -0.0161;
  -0.0167;
  -0.0168;
  -0.0167;
  -0.0167;
  -0.0159;
  -0.0166;
  -0.0164;
  -0.0155;
  -0.0162;
  -0.0163;
  -0.0163;
  -0.0151;
  -0.0160;
  -0.0159;
  -0.0159;
  -0.0158;
  -0.0157;
  -0.0157;
  -0.0156;
  -0.0156;
  -0.0147;
  -0.0154;
  -0.0154;
  -0.0152;
  -0.0147;
  -0.0152;
  -0.0143;
  -0.0144;
  -0.0143;
  -0.0142;
  -0.0151;
  -0.0141;
  -0.0148;
  -0.0148;
  -0.0146;
  -0.0147;
  -0.0147;
  -0.0140;
  -0.0145;
  -0.0146;
  -0.0141;
  -0.0142;
  -0.0146;
  -0.0139;
  -0.0141;
  -0.0141;
  -0.0138;
  -0.0139;
  -0.0138;
  -0.0136;
  -0.0141;
  -0.0135;
  -0.0135;
  -0.0139;
  -0.0128;
  -0.0133;
  -0.0133;
  -0.0125;
  -0.0129;
  -0.0134;
  -0.0131;
  -0.0128;
  -0.0130;
  -0.0127;
  -0.0121;
  -0.0120;
  -0.0127;
  -0.0118;
  -0.0123;
  -0.0123;
  -0.0122;
  -0.0121;
  -0.0119;
  -0.0113;
  -0.0120;
  -0.0119;
  -0.0121;
  -0.0115;
  -0.0117;
  -0.0116;
  -0.0115;
  -0.0115;
  -0.0114;
  -0.0114;
  -0.0110;
  -0.0109;
  -0.0112;
  -0.0109;
  -0.0110;
  -0.0109;
  -0.0109;
  -0.0108;
  -0.0108;
  -0.0110;
  -0.0106;
  -0.0106;
  -0.0105;
  -0.0105;
  -0.0104;
  -0.0104;
  -0.0103;
  -0.0093;
  -0.0102;
  -0.0101;
  -0.0100;
  -0.0099;
  -0.0100;
  -0.0098;
  -0.0098;
  -0.0097;
  -0.0096;
  -0.0096;
