  12.5601;
  13.0423;
  10.1394;
  13.3679;
  15.4351;
  12.6562;
  13.8722;
  12.9592;
  15.6690;
  12.2328;
  13.4316;
  13.6205;
  13.8848;
  13.3236;
  10.1752;
  13.3663;
  13.6208;
  12.8749;
  11.0338;
  10.6654;
   9.0025;
  12.7791;
  11.3901;
   9.9092;
  11.1113;
  11.7903;
  10.4307;
  10.5440;
   8.8842;
   5.9771;
   8.8579;
  10.1575;
  10.1208;
   7.5993;
   9.5732;
   9.1099;
  10.0525;
   9.2400;
  10.2402;
   7.9908;
   9.6233;
   9.7758;
  11.5282;
   9.6503;
  10.8400;
  10.4521;
   8.9944;
  11.7886;
  11.0224;
   7.7244;
  10.9652;
  10.2957;
   9.6660;
  10.0951;
   7.6846;
   9.7334;
   8.8643;
   8.7734;
   7.7958;
   9.7415;
   9.3569;
   8.9200;
  10.1974;
  11.9656;
   9.7995;
   8.0207;
   8.9101;
  10.4312;
  12.7042;
  12.0007;
  10.4245;
  10.2808;
   3.9464;
   8.4536;
  11.0978;
   8.6984;
   6.6723;
   7.4702;
   5.3339;
   8.1998;
  10.7857;
  11.1425;
   8.8842;
  11.0939;
  10.0942;
   9.2586;
   6.7830;
   8.9842;
   7.2010;
  10.3311;
   9.3420;
   9.0788;
   9.8192;
   8.2106;
  11.7972;
   8.9522;
  11.2325;
   9.5601;
   9.4239;
   8.5088;
   9.5133;
   9.2802;
  10.2673;
   8.9093;
  10.5607;
   7.8353;
   5.7122;
   8.1403;
   8.2612;
  10.7697;
  11.0103;
  10.4326;
   9.6516;
  12.9360;
   9.6037;
  10.0932;
   9.8015;
   9.2426;
   7.5050;
   8.7001;
   8.9366;
   8.9011;
  11.3620;
  10.2988;
   9.3598;
   9.8383;
  11.2436;
  10.6910;
  10.8183;
   8.7986;
   9.1840;
  10.6605;
   7.7244;
   8.0588;
   8.4715;
   9.7354;
   8.9760;
  10.4974;
   9.8615;
   9.2762;
   9.2235;
  10.6214;
  11.9214;
  11.0999;
  10.2000;
  10.3697;
  10.7404;
  10.4462;
   9.5526;
   9.3053;
  10.3972;
  10.7009;
   9.9903;
  10.9330;
   7.9793;
  12.9355;
   9.0566;
   8.3107;
  11.3629;
   9.7392;
  10.8661;
  10.2050;
   7.0890;
  12.0831;
   7.7117;
  10.5255;
   8.1338;
  10.5585;
   7.0146;
  10.8434;
   9.2170;
  10.4554;
  10.3143;
   9.1773;
  11.1155;
  10.2706;
  10.5616;
  11.6884;
  11.2827;
  11.1073;
  11.0813;
   8.9637;
  11.6713;
  10.5052;
  11.0473;
   9.4891;
   9.7935;
   9.8856;
   7.7442;
