   2.4702;
  14.4506;
  14.8442;
  14.8082;
  14.7385;
  13.7483;
  14.1026;
  14.4592;
  14.4628;
  13.0871;
  13.9999;
  13.4922;
  14.4598;
  12.6797;
   9.8198;
  10.9290;
  12.8915;
  12.1675;
  12.2430;
  12.5162;
  13.4025;
  12.3322;
  11.8295;
  11.2456;
  12.2218;
  11.8941;
  10.7990;
   9.9842;
   9.7467;
   9.8051;
   9.3826;
   6.2743;
   7.2189;
   9.9402;
  11.4318;
  10.1416;
   9.1300;
   9.6680;
  10.5952;
   8.9235;
  11.4961;
  10.0318;
  10.4953;
  11.0142;
  11.0013;
  10.3736;
  10.7613;
  12.2035;
   6.7528;
  11.3729;
   9.5787;
  10.3765;
  11.2490;
  10.7008;
  11.4555;
   8.9554;
   6.5870;
   8.6852;
  11.2591;
  11.5126;
  10.3037;
  12.3685;
   7.4047;
  12.1276;
   6.2515;
   9.5243;
  11.2161;
   8.5923;
  11.7372;
   7.7762;
  10.7835;
  10.4475;
   4.9306;
  10.7838;
  11.0473;
  10.7201;
   8.8141;
   8.0756;
   7.6223;
   7.0555;
   8.2012;
  10.8099;
   9.7417;
   8.8559;
  10.1925;
   9.9825;
   8.2838;
   9.4287;
   6.7050;
  10.0598;
   9.5886;
   8.3252;
  11.0227;
  10.0276;
  11.3802;
   7.8438;
  11.5312;
  10.5665;
   9.9029;
   9.5663;
   8.7558;
   9.4982;
   6.9771;
   9.1395;
   9.9431;
   8.9901;
   7.1509;
   5.4429;
   9.8667;
  11.0680;
   9.0742;
   7.1396;
   9.3385;
  10.0974;
   8.9739;
  10.0422;
   8.7083;
  10.5143;
   9.6152;
   9.2685;
  11.1332;
  11.1031;
  10.6257;
  10.9593;
  10.2578;
   8.6782;
  10.3200;
   9.0345;
  11.0788;
   9.3018;
  10.6993;
   9.5108;
   7.2834;
  11.0411;
   9.3841;
  10.5233;
   7.6611;
  10.6923;
  10.5874;
   9.6076;
  10.7393;
  11.2214;
  11.0986;
  10.6348;
   9.3217;
   9.6562;
  10.7252;
  10.6078;
  11.5754;
   8.0499;
   9.1222;
  10.4533;
   9.3444;
  11.1843;
   9.5912;
  11.4251;
   7.7874;
  10.3453;
   9.2874;
  10.8151;
  10.6904;
   8.6389;
   8.2972;
  11.9042;
   6.8433;
  11.2709;
   7.7642;
  10.7060;
   9.3791;
  10.8384;
   9.3327;
   8.5382;
   9.3485;
   8.3073;
  11.8636;
  12.7085;
  11.3864;
  12.6712;
   9.6710;
  11.2594;
   9.9566;
   7.6348;
  11.7242;
  10.5061;
   9.9803;
   8.2163;
  10.4623;
   9.3149;
   7.5262;
