  13.2911;
  14.1672;
  13.0605;
  14.4228;
  15.8126;
  13.7904;
  14.8292;
  14.9201;
  15.1017;
  14.3282;
  13.8300;
   9.4248;
  14.8788;
  11.9011;
  14.7174;
  13.7393;
  14.0289;
  13.3095;
  13.7464;
  11.0581;
  14.4572;
  12.0002;
  11.0076;
   9.6932;
  10.2164;
  10.7361;
   9.9904;
  11.7405;
   9.3434;
   5.5071;
  10.2339;
   8.3551;
   9.7768;
  11.7164;
  11.0611;
  10.7479;
  10.0339;
  12.5655;
  12.3263;
   8.5585;
  10.9284;
   7.4927;
  11.4083;
   9.3776;
  11.6124;
  10.6939;
   3.9824;
  11.3469;
  11.2426;
  10.5392;
  11.4591;
  12.5926;
  11.0289;
   6.7012;
  12.1069;
   8.7027;
  10.7179;
   6.9633;
  10.2562;
  11.5349;
   9.5576;
  12.7748;
   9.1740;
   9.2999;
   9.8199;
   7.9595;
  12.4706;
   9.3617;
   7.9618;
   7.5272;
  11.1728;
   8.1558;
   8.2563;
   9.3983;
  10.7329;
   9.9745;
   8.5855;
   7.3110;
   4.8174;
  10.1226;
  10.7593;
  11.1318;
   7.9319;
   9.8108;
   7.3356;
  11.2176;
   8.0022;
   9.0460;
   7.7584;
  10.7260;
   6.2859;
   5.0207;
  11.6193;
   9.5712;
  10.6669;
   9.0978;
  12.7704;
  10.4613;
   9.5045;
   9.7574;
   5.5590;
   8.6552;
   9.4783;
  11.2064;
  10.1318;
  10.4643;
   4.6463;
   8.1236;
  10.6248;
  11.2663;
  10.8682;
   7.9645;
   8.6358;
  11.5444;
   6.0955;
   9.8358;
   8.2855;
   7.9040;
  10.4357;
  11.1644;
  11.7162;
  10.2496;
   9.5611;
  11.8336;
   8.5785;
   9.8132;
  10.8240;
   9.7203;
  10.8834;
   9.3898;
  11.5349;
   6.1793;
   5.5328;
  11.7372;
  11.5040;
   8.5043;
   9.3650;
   9.6172;
  10.8283;
   9.5125;
  12.2651;
   9.0381;
   8.6898;
   8.7071;
  12.3695;
  10.4873;
  10.6773;
   7.6490;
  11.5791;
   7.5822;
  10.3484;
  11.8041;
  11.8755;
  10.1960;
   3.4865;
  11.5070;
   8.4798;
   9.7345;
   5.8484;
   9.7264;
  11.8779;
  11.2998;
   9.6935;
  12.5941;
  10.3586;
  10.9347;
   8.0006;
  12.4160;
  10.4986;
   7.2322;
   9.8315;
   9.9803;
   8.8420;
  10.3688;
  11.5975;
   9.9491;
  10.6863;
  12.9840;
  11.7556;
  11.8659;
  10.8090;
   9.9867;
  11.6858;
   8.1076;
  11.0338;
   9.5194;
  12.1477;
  10.2542;
   6.5638;
