  13.1326;
  14.1399;
  13.4678;
  13.9794;
  15.8159;
  13.8921;
  11.2760;
  11.4394;
  14.8713;
  14.0549;
  11.3372;
  13.2127;
  13.9367;
  12.6310;
  14.4180;
  11.4548;
  13.8385;
  13.7353;
  12.8393;
  11.6482;
  11.6579;
  11.2563;
  10.0952;
  10.3334;
  10.4753;
   8.6640;
  11.0334;
   8.3185;
   8.6781;
   7.7221;
  10.5982;
   8.7875;
  10.8589;
  10.4523;
   8.9602;
  10.2161;
  10.3834;
  11.6892;
  11.0854;
   8.9847;
  10.9488;
  10.1537;
  11.0207;
  12.0458;
   9.8669;
  10.4317;
  10.8304;
  10.9281;
   9.2364;
  11.8575;
   9.1952;
  10.6514;
  10.8176;
  10.0410;
   9.8759;
   9.8989;
   7.6790;
   8.4661;
  10.5798;
  11.1516;
   8.1042;
  12.2371;
   9.3680;
  12.6576;
  10.2226;
   7.1314;
  11.9084;
   9.1792;
  12.0220;
  10.1501;
   8.9296;
  10.2824;
   3.5642;
   9.0041;
   8.4421;
   8.3349;
   8.8581;
   8.3020;
   7.5387;
   8.5974;
   9.1364;
   8.5622;
   9.4481;
  10.0161;
  10.5539;
   8.6842;
   8.5389;
   9.5677;
   9.4853;
   7.5403;
   9.3672;
   7.2885;
  11.0205;
  10.3308;
   9.6428;
   7.9096;
  11.5569;
  10.4060;
  10.2603;
  10.4052;
   8.6806;
  10.8856;
   7.5594;
  10.1990;
  10.4524;
   7.9177;
   6.1742;
   8.2421;
   7.9514;
  11.2965;
  10.4438;
  11.0180;
   9.2523;
  12.9561;
   9.2626;
  10.8751;
   9.5585;
   9.8417;
   9.4764;
  10.9200;
   9.8983;
  10.7599;
   8.2294;
  11.6523;
  10.0426;
  10.2053;
   7.8939;
   9.4889;
  10.3713;
   8.3125;
  10.1686;
   7.7399;
   9.6913;
   9.0666;
  11.0263;
   9.6181;
   7.2633;
   9.9252;
  11.0418;
   9.3073;
   9.9157;
  12.2841;
  11.8723;
   9.2232;
  10.1349;
   9.4381;
  10.7521;
   9.9576;
  12.0473;
   9.5650;
   7.3487;
  10.8493;
  11.5975;
  11.1310;
   8.8559;
  10.5671;
   8.8406;
  10.2281;
  10.8890;
  11.5631;
   8.5977;
   8.1561;
   9.8182;
  11.2931;
  10.1784;
  10.6694;
   7.7706;
  11.3151;
   7.5817;
  10.1715;
  11.2421;
   9.1280;
  10.3248;
  10.2493;
   9.5658;
   8.5483;
   9.9553;
  13.1576;
   9.3611;
   7.2472;
  10.9385;
  10.0402;
   7.8296;
  10.2739;
   8.2622;
  10.3064;
   9.5351;
   9.8782;
   9.6695;
