  11.7917;
  14.2091;
  15.0851;
  13.6919;
  14.6856;
  14.0464;
  14.7941;
  14.7082;
  16.1972;
  13.9149;
  14.9469;
  12.3433;
  15.4997;
  12.6771;
  14.0942;
  12.1479;
  14.1634;
  15.0080;
  14.7331;
  13.3919;
  12.6813;
  10.8265;
  11.6196;
  10.6812;
  11.0992;
  13.8936;
   8.8289;
   9.0665;
  11.0367;
   7.8082;
   9.2623;
   9.8812;
  11.4312;
   8.8058;
  10.2098;
  12.0089;
  10.3912;
  10.0212;
  11.8230;
   9.1916;
  11.4571;
  10.7947;
  10.7004;
  11.7802;
  10.8812;
  10.7818;
   9.4313;
  12.3399;
  11.0118;
   7.2127;
   9.9672;
  12.6015;
  10.6769;
  10.3426;
  11.5926;
  10.5595;
   6.0129;
   9.6993;
  11.8065;
  12.3295;
  10.5606;
   8.5899;
  10.7588;
  12.7548;
   8.2470;
   9.6491;
   7.3404;
   6.8356;
  13.1710;
  11.1495;
   8.5450;
   8.7128;
   5.0778;
  11.0244;
   8.0487;
  12.2664;
   9.1129;
   8.1161;
   5.7353;
  10.6176;
  11.2663;
  11.7007;
   8.2203;
   8.2352;
  11.0867;
  11.5798;
   9.6616;
   9.6507;
   6.5591;
   8.8396;
   9.1958;
   9.9851;
  10.6662;
   6.0676;
  11.7613;
   9.9623;
  11.7414;
   9.2275;
   8.4163;
  10.4278;
   9.7943;
  11.9117;
   8.9568;
   8.1470;
  10.2672;
   8.7994;
   7.3954;
   7.6701;
  10.0820;
  10.0863;
  10.3916;
  10.1215;
   8.0003;
  13.2077;
   8.5927;
   8.2121;
   7.3910;
   9.5018;
   9.4268;
   8.2966;
  11.8298;
   6.8761;
   8.4725;
  11.5628;
   9.9913;
  10.8680;
   7.6563;
   8.9915;
  10.2016;
   7.7243;
  11.6533;
  10.8659;
   8.1153;
  11.2080;
   7.9004;
  10.1092;
   7.2840;
   7.5901;
  12.3234;
   9.6906;
  11.7389;
  13.0096;
  11.8057;
  11.7104;
  11.9647;
  11.6769;
   9.3530;
   8.1784;
  10.8712;
  10.4550;
  12.3033;
  12.3401;
  11.8953;
   9.8383;
   8.1944;
  10.4967;
  10.2184;
  10.5846;
   9.6997;
   9.6871;
  10.6472;
   7.9491;
   9.8691;
  12.8352;
   7.8092;
   8.6701;
  11.4782;
   8.2351;
  10.5320;
  11.2286;
  11.9262;
  10.3392;
   9.4971;
   9.6827;
  11.8105;
  11.0259;
  10.7344;
  11.9011;
  12.4776;
  11.3544;
  10.3164;
   8.5663;
  11.1778;
  11.1712;
  10.7927;
  10.0603;
  10.0460;
   7.8455;
   7.7206;
