  13.0625;
  15.3784;
  12.1744;
  12.7653;
  15.1073;
   9.3707;
  14.2428;
  13.5032;
  15.0976;
  13.7305;
  15.0694;
  13.1432;
  13.3326;
  14.4945;
  14.4816;
  13.2336;
  12.3289;
  12.4235;
  13.4135;
  10.9929;
  14.3554;
  11.9709;
  10.1155;
   9.7129;
  10.3364;
  11.0383;
  10.8303;
  11.0359;
   9.4427;
   5.1952;
   9.7532;
   9.2815;
   9.3258;
  11.6063;
  10.8164;
  10.4652;
   9.3220;
  12.0331;
  12.5165;
   8.0071;
   9.3446;
   6.9865;
  11.3028;
  11.3783;
  11.9808;
  11.2411;
   9.4898;
  11.4104;
  10.9766;
  10.0898;
  11.5922;
  12.2113;
   7.7653;
  11.7806;
  11.5093;
   9.1601;
  11.1656;
  10.3037;
  11.4577;
  11.2644;
   8.6049;
  10.7152;
   9.7534;
   9.6726;
   9.8473;
   9.2360;
1000000.0000;
   8.1064;
   9.9381;
   8.6496;
  11.1403;
   9.7216;
   7.2942;
   9.4304;
  10.5184;
  10.0364;
  10.1957;
   5.3673;
   8.7880;
   5.4292;
  10.6441;
  10.9253;
  10.1610;
  10.4728;
   7.2797;
   9.9353;
   8.2189;
  10.0661;
  10.0306;
  10.1305;
   8.0079;
   9.3449;
  11.4377;
  10.3883;
  11.4114;
   8.2689;
   8.0074;
   7.9143;
   9.8394;
   8.5467;
   8.3253;
  10.0004;
   9.3233;
   9.2423;
   9.8520;
   9.2363;
   8.0819;
   5.2512;
   9.1361;
  10.8713;
  10.5312;
  10.3530;
   7.6118;
  10.9392;
   5.5723;
  11.3327;
   9.4052;
   7.7932;
   7.7304;
  10.7839;
   9.9370;
  10.0086;
  11.6440;
  11.6361;
  10.8300;
  10.3338;
   8.8768;
   9.7810;
  10.2165;
   8.6069;
   8.6696;
   7.8462;
   9.6465;
  11.3634;
  10.7562;
  10.0745;
   9.2519;
  11.6975;
  10.5482;
   8.3703;
   9.4835;
   9.4506;
   9.5630;
  11.1943;
   9.3935;
  10.4840;
   8.3197;
  10.1742;
  10.4902;
  11.0083;
  11.3516;
  11.8257;
   7.2138;
   8.8393;
   8.4045;
   7.7097;
   9.3565;
   7.5536;
  10.8143;
  11.2651;
   8.2397;
  10.6979;
   9.6586;
   7.9173;
   8.3257;
  10.7589;
   9.2103;
  11.8158;
  10.6002;
   9.9434;
  11.2223;
   9.9233;
  10.6074;
   9.9448;
   9.5864;
  11.4804;
  10.9759;
  12.9782;
  12.1533;
  10.5792;
  10.8618;
  10.0965;
  11.2841;
   7.3832;
  11.5219;
   9.0443;
   8.3184;
   8.5158;
   7.9730;
