  13.3185;
  11.3293;
  14.9705;
  14.7435;
  13.6477;
  15.2000;
  10.7821;
  11.1065;
  12.4029;
  13.5875;
  14.1981;
   9.9520;
  14.2817;
  13.5154;
  13.4253;
  13.7231;
  13.2085;
  14.1129;
  13.9628;
  10.7792;
  14.1253;
  12.0033;
  10.9001;
   9.7705;
  10.7928;
  11.5783;
  10.2685;
  11.6014;
   8.9869;
   5.4971;
  10.0661;
   8.3437;
   9.0393;
  11.3835;
  10.1796;
  10.5679;
   9.5117;
  12.0119;
  12.1066;
   8.6087;
  10.5328;
   7.6756;
  10.4569;
   8.6407;
  10.7772;
   9.2697;
  10.9970;
  12.8636;
  11.2450;
  11.2674;
  11.0363;
  10.4085;
   7.9381;
  11.6141;
  11.5653;
   9.9037;
  10.5754;
  11.2795;
   9.6784;
  11.4641;
   8.6953;
  11.3600;
   9.5038;
  12.6976;
  10.1523;
   9.1358;
1000000.0000;
   8.9953;
   7.3968;
   9.9648;
  10.8894;
   9.8617;
   8.0380;
   8.7343;
  10.1501;
   9.5874;
   9.9720;
   7.1834;
   5.1007;
   6.0945;
  10.3775;
  10.9261;
   9.7794;
   9.3024;
   8.7333;
  10.2744;
   7.9627;
  10.2616;
   9.8573;
  10.6946;
   7.8126;
   9.4049;
  11.3044;
  10.0084;
  11.0664;
   8.8470;
   6.4622;
   7.5042;
   9.9824;
   8.5534;
   6.9134;
   9.4165;
   8.6734;
   9.0852;
  11.0780;
   9.0770;
   8.2825;
   9.0347;
   8.9413;
  11.4587;
   8.8284;
  10.3886;
   7.6417;
  11.4983;
   6.0756;
  10.9380;
   8.1588;
   7.4589;
   7.5533;
  11.2996;
   9.6116;
   9.8453;
   9.5159;
  11.3714;
  10.6781;
  10.6905;
  11.1351;
   9.3665;
  10.6571;
   9.0256;
   9.0883;
  10.4333;
  10.1388;
  11.2091;
  11.2999;
   7.1099;
   9.0549;
   9.2811;
   9.9832;
   8.4725;
   9.5679;
  10.8040;
  11.8445;
   9.8147;
   9.5915;
  10.9025;
  11.7286;
  10.3562;
  10.2322;
  11.0794;
  11.4697;
  11.5632;
   8.3701;
   7.9462;
   7.0801;
  11.5241;
   8.9576;
   7.4635;
  11.9299;
  12.2293;
   8.8596;
   9.6033;
  10.1012;
  10.3939;
  10.7926;
  10.5698;
   7.9823;
  11.3515;
  10.4280;
   9.8625;
  11.7624;
  10.2245;
   7.5268;
  10.6452;
  12.1233;
  11.8307;
  12.0679;
  11.1879;
  11.3492;
  10.8139;
  11.2036;
   6.9697;
   9.8106;
  10.9330;
  11.0637;
   7.9223;
  11.5859;
   8.4891;
   7.5159;
