   2.5483;
  12.6401;
  13.4697;
  13.7814;
  13.7466;
  14.9645;
  14.1395;
   9.8220;
  16.0033;
  13.8192;
  14.1528;
  13.0515;
  13.3989;
  13.8981;
  13.2587;
   9.4438;
  14.4951;
  10.7106;
  11.8195;
  11.1576;
   8.1134;
  12.6909;
  13.2831;
  10.2012;
  12.2023;
  12.1864;
  11.4995;
  11.0667;
  11.4043;
   9.9792;
   8.9707;
   8.4055;
   9.9262;
   8.3922;
  11.1984;
  10.4975;
   7.4095;
   9.9224;
  10.2511;
   9.7838;
  11.9251;
   8.1346;
  10.2200;
  10.8404;
  10.1957;
  10.9403;
   9.9963;
  12.4559;
   9.6826;
  10.7719;
  10.5963;
  10.1145;
  11.5018;
  11.5883;
  11.9450;
  10.1730;
  10.9495;
   7.7683;
  11.8307;
  10.9663;
   8.9128;
  12.1755;
   8.1550;
   7.5874;
   9.3546;
   9.7028;
  10.9402;
  10.3773;
  12.4352;
   7.6752;
  11.0824;
  10.1697;
   5.0763;
   9.3343;
  11.4355;
  12.0994;
   9.1621;
   7.0278;
   7.2775;
   9.9412;
   9.6868;
  10.4001;
  11.4098;
   8.5985;
   9.9115;
  10.5341;
   8.3388;
  10.5733;
   8.7833;
   9.0860;
   8.2580;
   8.4674;
  10.2588;
  10.4570;
  11.8812;
   7.9054;
   9.1180;
   9.4649;
  10.1818;
  10.2115;
   9.0293;
  11.9777;
  10.2213;
  10.3917;
  11.0832;
   8.9957;
   5.1084;
   4.8067;
   8.2402;
  10.8441;
  10.0455;
  10.6080;
   8.6982;
  13.0692;
   9.2415;
  10.6161;
  10.1689;
  10.6344;
   9.8753;
  11.2022;
  10.9464;
   8.9340;
  11.8045;
  12.0248;
   9.9465;
   8.5725;
   8.6868;
  10.3170;
  11.2449;
   9.3066;
  11.5851;
  11.3313;
   9.8416;
  10.2336;
   9.3822;
   9.7785;
   8.6963;
  11.5020;
  11.0791;
  10.3628;
  11.6000;
  12.1431;
   9.4226;
  11.4697;
  10.9017;
  11.5543;
  10.5831;
  10.6174;
  12.3988;
   9.6184;
  11.5715;
  10.1397;
  11.5324;
   8.6003;
   8.9795;
  11.2608;
   9.7300;
   9.4461;
  11.0776;
  11.6235;
  10.1707;
  12.3535;
   8.1267;
  12.4254;
  10.6485;
   9.2422;
  10.1320;
  10.5184;
  10.1729;
  10.2773;
  11.0461;
  10.4693;
   7.2505;
  10.9356;
   7.6965;
   5.0300;
  11.9891;
  10.9134;
  11.6902;
  11.7235;
   9.2826;
   8.1897;
  12.0133;
  11.6781;
   9.9823;
  10.0713;
  10.9842;
   9.0272;
   9.2374;
