  11.3035;
  14.3053;
  13.7619;
   7.9300;
  12.6133;
  13.4508;
  14.2411;
  12.8304;
  14.8083;
  13.8791;
  14.6905;
  12.9590;
  14.5288;
  14.1783;
  14.1974;
  13.1231;
  12.3654;
  12.2443;
  13.1423;
  11.0866;
  14.5959;
  11.9272;
  10.6070;
   9.7324;
  10.1080;
  10.8572;
  10.5497;
   9.9771;
   9.4448;
   5.3690;
  10.0063;
   8.8965;
   9.4883;
  11.2434;
  10.1326;
  10.5835;
   9.1753;
  12.4901;
  12.5483;
   7.7730;
  10.6340;
   9.3977;
  10.9329;
   9.7146;
  11.1899;
   9.8434;
  10.8950;
  12.9243;
  10.8229;
  10.6663;
  10.8202;
  10.8077;
   7.8714;
   7.7182;
  10.0787;
   9.8114;
  10.7166;
  10.7858;
  11.4866;
  11.3126;
   8.6413;
  13.1453;
   9.9809;
  11.7750;
   9.4349;
   8.9453;
  12.3764;
   9.8152;
   9.9110;
   9.7782;
  10.5824;
   7.8710;
   5.9552;
   9.2884;
   9.7456;
   9.8823;
   8.1433;
   5.3672;
   8.5876;
  10.5323;
  10.3092;
  10.7032;
   9.4542;
   8.5380;
   7.2525;
  11.0256;
  10.0098;
  10.0202;
   7.3389;
  10.4233;
   7.9645;
   4.5858;
  10.1697;
  10.1456;
  10.8118;
  10.7507;
   8.0038;
  10.3370;
   9.7144;
   8.9523;
   6.6875;
  11.7791;
   9.8732;
   9.5202;
  11.1321;
   8.9003;
   5.7336;
   5.3572;
  10.5106;
   9.3260;
  11.4304;
  10.1556;
   8.3768;
  12.4668;
   6.1584;
   9.6567;
  10.1488;
   9.4320;
   7.7211;
   9.5915;
  10.0523;
   9.3681;
   8.6051;
   9.0275;
  10.4331;
  10.1784;
  10.7516;
   9.3972;
   6.1250;
   8.5214;
   8.8673;
   8.0822;
   6.3830;
   9.1644;
   8.3065;
   9.4738;
   9.4170;
   9.4660;
  10.8872;
  10.3922;
  11.0493;
  10.6861;
  11.6217;
   9.6953;
   7.8059;
  11.8397;
  10.0719;
   9.9453;
  11.3729;
  10.4241;
  11.1038;
  10.7259;
  11.6233;
  10.5584;
   8.1933;
  11.9857;
   9.1111;
   9.3562;
   8.8424;
  10.4029;
  11.1369;
   8.6162;
   9.7185;
   9.8895;
  10.4639;
   9.0530;
   9.5765;
   9.0619;
   9.9415;
   9.8505;
  10.2516;
   8.1776;
   9.2082;
   8.6904;
  12.1256;
  10.6443;
  12.6423;
  11.2728;
  11.8728;
  11.6462;
  10.0585;
   7.6309;
   8.9753;
   9.2326;
  11.2154;
   8.5291;
  11.6903;
   9.2073;
  10.8876;
