  10.1162;
  13.9488;
  12.8173;
  14.8745;
  16.5960;
  13.7097;
  15.1307;
  10.7130;
  16.4475;
  15.3776;
  12.4701;
  11.3932;
  10.4421;
  13.9724;
  13.6409;
  14.0008;
  12.0568;
  14.2511;
  11.4854;
  12.1068;
  13.3351;
  10.8639;
  11.4204;
  10.8682;
  11.4842;
  13.5393;
  12.2752;
  10.9391;
  11.8203;
   9.1605;
   9.9350;
  11.1748;
  11.0384;
  11.0975;
   7.4646;
   9.7414;
  10.7034;
   8.4572;
  10.9346;
   8.5268;
  11.1496;
  10.6318;
  11.5559;
   8.9121;
  11.1632;
   7.7056;
  11.6125;
  13.4049;
  11.4623;
  11.6466;
   8.7241;
  11.6193;
   8.9748;
  11.5316;
  10.8712;
   6.2560;
  11.6647;
  11.2768;
  11.8563;
   8.1163;
  11.4156;
   9.5712;
   7.6357;
  12.1199;
   9.3478;
   9.1881;
  12.9735;
  10.0212;
  11.7761;
  10.7963;
   8.3634;
  11.6761;
   5.4656;
   9.8559;
   9.0519;
  11.1150;
   9.9854;
   3.3685;
   8.5359;
   9.5249;
  10.7629;
  10.3101;
  10.3859;
  10.0431;
   9.4408;
  11.2250;
   8.2479;
   8.2830;
   7.2114;
  10.0535;
   7.0079;
   9.4358;
  11.3732;
   7.0035;
  10.2639;
  11.9187;
  11.1181;
   9.6430;
  10.9175;
  10.6374;
  10.2880;
  12.2021;
   7.7847;
  10.6875;
  11.4530;
   7.1636;
   7.9837;
   8.8220;
  11.0256;
  10.9385;
   9.3169;
   9.6740;
   8.5102;
  13.5375;
   7.8883;
   9.3908;
   7.3021;
   7.5434;
  10.6849;
  11.1943;
  10.8046;
   8.3376;
   9.8922;
  11.5449;
  10.0377;
   9.1991;
   8.9995;
  11.1761;
   9.2595;
  10.5077;
   7.1464;
   9.3416;
  10.5196;
  11.6466;
  10.8533;
   8.8172;
   3.7653;
   8.5788;
  11.4532;
  11.3868;
  11.2277;
  12.7143;
  11.8026;
   9.1608;
   9.1450;
  12.0526;
  11.4591;
  10.4188;
  10.2396;
   9.7363;
  11.0911;
  11.8428;
  12.2278;
   9.9751;
   6.3062;
  11.1527;
  10.4144;
  11.0648;
   9.1423;
  11.6918;
   8.4628;
   9.1924;
   7.8706;
   9.3551;
   6.4372;
  11.2857;
  10.0248;
  12.4045;
  10.7236;
  11.3089;
  11.8784;
  11.3781;
   8.6330;
   9.7898;
  11.3039;
   8.8387;
   9.9999;
   9.1361;
  11.7535;
  10.4107;
   9.7202;
  10.6543;
  11.3584;
  10.6054;
  10.5705;
   8.3503;
  11.3845;
   9.7626;
   7.1245;
