  11.7437;
  14.9405;
  15.6534;
  12.5984;
  14.9361;
  10.3217;
  13.7232;
  13.6035;
  15.9803;
  14.9462;
  15.3185;
  11.3257;
  13.6247;
  14.6725;
  14.5248;
  13.8766;
  14.6913;
  14.9542;
  12.9615;
  12.5673;
  12.4233;
  14.2655;
  10.8801;
  10.1498;
  10.5661;
  12.4773;
  10.3273;
  11.3343;
   9.5862;
   8.4550;
   7.8767;
   9.7415;
   9.1404;
  11.5682;
  10.3828;
   9.9759;
   8.9072;
  11.8702;
  12.0882;
   9.3050;
  10.7074;
   8.1483;
  10.6570;
  11.8990;
  10.5356;
   8.9441;
  11.4852;
  13.4770;
   8.5245;
  10.9304;
  11.5174;
  12.1112;
  10.6596;
   7.0921;
  12.5770;
  10.3765;
   7.9355;
  11.0802;
   9.4735;
   8.1965;
  11.4628;
   9.2741;
  10.4231;
  12.2059;
   8.3154;
   5.9763;
  11.4158;
  10.7715;
  12.7177;
   7.1854;
   9.6607;
   9.9134;
   7.8625;
  11.6756;
  10.6590;
   9.9083;
   8.9867;
   4.9076;
   5.5504;
  10.7339;
   9.9514;
  11.2346;
   7.9592;
   9.5865;
  11.2221;
   6.9552;
   8.6838;
  10.7215;
   7.0932;
  10.7662;
   9.1484;
   7.9253;
   9.5433;
  10.7383;
  11.8925;
   9.5932;
   9.2707;
  10.3297;
  11.0151;
   9.5215;
   5.8625;
  11.5637;
   7.3559;
  11.0678;
  10.6635;
   9.2973;
   5.5203;
   9.2488;
   8.5694;
  10.2756;
  11.0894;
  10.7389;
   9.2604;
  13.9502;
   9.6522;
   8.9462;
   9.4374;
   8.6546;
   8.2613;
  10.8897;
  10.7046;
   7.5893;
   9.4002;
  10.6134;
  10.8452;
   9.6259;
  11.1761;
   9.4127;
   9.5062;
   9.3279;
  10.2677;
  12.2494;
   9.9039;
  10.6248;
  11.4019;
  10.6715;
   7.4214;
  11.9462;
   7.0672;
   9.3469;
   9.5205;
  10.0298;
  10.6951;
  11.2653;
  12.1344;
  11.9361;
   9.3314;
   9.0755;
  10.0875;
  11.1040;
  11.2485;
  12.1006;
  12.0916;
   7.4262;
   8.8174;
  12.8576;
  10.4748;
   9.3950;
   9.3975;
  10.8665;
   8.9913;
  10.7218;
   4.4993;
  10.7134;
  10.8049;
   7.0506;
   8.3739;
  10.7544;
   9.3907;
   8.5924;
  11.7193;
   7.4248;
   8.6503;
  10.9932;
  12.4795;
  11.7901;
  12.3162;
  13.6942;
   9.8125;
  12.1718;
   7.9788;
   9.4084;
  11.1884;
  10.9216;
  10.3473;
  10.8133;
  10.8284;
   9.9272;
   7.1468;
