  12.0726;
  10.4190;
  13.9702;
  14.1421;
  15.3070;
  11.4195;
  14.6570;
  13.2914;
  13.8702;
  13.1035;
  13.5568;
  10.3295;
  14.4544;
  12.8300;
  15.1467;
  10.9128;
  11.4332;
  12.3102;
  13.7072;
  13.0262;
  12.8963;
  12.6616;
  10.0553;
   9.7557;
   9.5706;
  10.8593;
  10.0305;
  10.8394;
   9.6442;
   5.2394;
   8.7601;
   8.7125;
   9.3739;
  11.1037;
  10.2501;
  11.0156;
   9.1745;
  11.7193;
  10.7703;
   8.3436;
   9.9789;
   7.9891;
  10.5860;
  11.0106;
   9.8563;
   9.1862;
  11.3934;
  11.7011;
  10.5117;
  10.5410;
  11.0265;
  10.1303;
   7.5981;
  11.2598;
  10.8248;
   9.3804;
   9.8360;
  11.7080;
  10.4634;
  11.2171;
   9.8354;
  11.0532;
   9.5342;
   9.6481;
   9.4477;
   8.8424;
1000000.0000;
   9.4298;
   8.3388;
   8.4037;
  10.4053;
   9.4718;
   7.6283;
   9.2684;
   9.7300;
   9.3437;
   9.6297;
   6.8431;
   4.8376;
   8.6622;
  11.0656;
  10.7131;
   8.6130;
   9.9774;
   8.3236;
   9.7904;
   7.9205;
   9.3843;
   7.1371;
   9.9912;
   6.6164;
   5.0202;
  10.3892;
   9.8281;
  10.9599;
   8.4949;
  12.4999;
   9.7058;
   9.5889;
   9.1996;
   6.4031;
   9.2023;
   8.7710;
   9.6341;
   9.9445;
   9.4839;
   5.6071;
   8.6224;
  10.0311;
   9.2163;
  10.1077;
   8.2134;
   9.3823;
  10.7953;
   5.8724;
   9.8814;
   8.0885;
   7.8263;
   9.8399;
  10.3681;
  11.4914;
   8.1025;
   9.9051;
  10.3949;
   9.7170;
  10.0817;
  10.8976;
   9.1328;
   7.4695;
   8.5565;
  10.5549;
   7.1208;
   6.3189;
   9.1849;
   8.3998;
   9.5581;
   8.6931;
  11.5898;
  10.3555;
   7.9711;
  10.4541;
  10.5242;
  12.0050;
   7.8785;
  10.0588;
  10.1611;
  11.0069;
   7.9921;
  10.1542;
   7.2922;
   9.7092;
   9.9714;
  11.4034;
   9.8040;
   7.5270;
  11.1389;
   8.8663;
   9.8500;
   6.9362;
  10.1707;
  10.6326;
  10.0856;
   9.0377;
  12.1440;
  10.7819;
  10.3645;
   9.4163;
   8.7131;
   9.8031;
   9.9014;
  11.3402;
   9.6181;
   8.6065;
   9.2029;
   7.6945;
  10.1307;
  11.2679;
  11.8094;
  11.5887;
  10.8122;
  11.2099;
   9.6451;
  11.2194;
   9.6340;
  10.4612;
   8.9620;
  11.1413;
   8.0856;
  10.4186;
