  13.4575;
  14.3088;
  13.7265;
  13.0766;
  15.8760;
  13.6520;
   9.1040;
  14.9021;
  16.4666;
  15.4380;
  14.0206;
  13.3406;
  13.4701;
  13.1860;
  14.1217;
  13.0194;
  14.2121;
   9.3180;
  15.1286;
  13.1639;
  12.4898;
  13.0789;
  13.0396;
  10.6922;
  11.3243;
  13.4486;
  10.1125;
  10.0109;
   9.8505;
  10.1572;
  10.9544;
  11.3645;
  11.0143;
   9.6399;
  11.6675;
  11.1071;
   9.4972;
   9.5463;
  10.0985;
   9.6168;
   9.9495;
  11.1291;
   7.7524;
   7.5761;
   8.0291;
   9.6013;
  10.4654;
   9.6102;
  11.2805;
  11.0455;
   9.5224;
  12.3924;
  10.7895;
  11.4423;
  11.4264;
   8.8239;
   7.8954;
  11.4534;
  10.1820;
  12.5488;
   9.7229;
  13.0613;
  10.3448;
  11.7111;
   7.3523;
   6.3878;
   7.9815;
   9.2700;
   9.9964;
   8.4211;
  11.1017;
  10.1464;
   5.3971;
  10.7924;
   9.4003;
  12.2291;
   9.6477;
   8.0807;
   5.4177;
   8.9104;
   8.7034;
  11.3009;
  10.8183;
   9.8574;
  11.4270;
  11.0895;
   9.6379;
   9.3602;
   8.7025;
   6.0240;
   9.9855;
   8.8966;
  11.8528;
  10.0067;
  10.6971;
  11.2831;
  12.5289;
  11.1111;
   9.0165;
   9.3615;
   7.9790;
  11.8938;
   6.2294;
   6.8686;
   8.6425;
   5.9621;
   4.4155;
   7.3512;
   8.7482;
  11.3381;
   7.9525;
   8.0101;
  10.1377;
  13.4302;
   9.8382;
   9.8684;
  11.1281;
   9.1493;
   9.8701;
   9.6224;
  10.2255;
   8.1065;
  10.6556;
  11.5966;
   6.5365;
   8.5512;
  10.9825;
  10.2884;
  11.4017;
  10.2493;
  11.2642;
  11.7407;
   8.9352;
   6.7785;
   9.7901;
   8.9028;
   9.9972;
  12.7184;
  11.9041;
   9.0824;
  10.4101;
  12.7932;
  11.3310;
   9.1731;
  11.7471;
  11.4347;
   8.3245;
   8.3771;
  10.4303;
   9.0743;
   8.2590;
  10.6115;
  10.9112;
  10.5890;
  10.3749;
  10.7615;
   9.0794;
   8.4556;
  11.9136;
  11.3287;
  10.1078;
   7.5897;
   8.3158;
   7.5774;
   6.3420;
   6.9983;
   7.1441;
  12.4563;
   8.5283;
  10.2048;
  10.5814;
  10.2154;
   8.2728;
  10.9843;
  10.6829;
  11.4816;
  10.1190;
  10.8830;
  11.8137;
  11.1236;
   8.8270;
  11.0535;
  10.0462;
  10.3845;
  11.3729;
  10.5290;
   8.1234;
  10.8919;
  11.3494;
