  13.1108;
  14.8600;
  14.5684;
  12.6323;
  12.9728;
  14.8717;
  11.8063;
  14.7326;
  14.5865;
  16.1242;
  14.3576;
  12.2125;
  12.0243;
  14.2628;
  14.5129;
  13.3086;
  13.7278;
  13.7293;
  13.3896;
  11.2072;
  14.0277;
  12.3081;
  12.4148;
   7.9073;
  11.7878;
  10.7573;
   8.3731;
   8.9421;
   6.4939;
   5.1462;
  10.2971;
  10.1693;
   9.0706;
   7.5153;
  10.8630;
  11.0925;
   9.5279;
  11.7875;
   9.6595;
   9.0336;
   8.5015;
   7.5649;
  10.5854;
  11.1210;
   8.2800;
   7.6161;
  10.7753;
   9.8149;
  10.5357;
  11.4516;
   9.5576;
  12.6768;
  11.0296;
  12.2194;
   8.7023;
   7.2336;
  10.7863;
  10.3475;
  12.0128;
  11.4044;
   8.5605;
  13.1169;
   8.3764;
  10.8634;
   8.2603;
   9.9689;
  11.5386;
  10.4586;
  11.2285;
  11.3098;
   9.9455;
   8.1154;
   7.5293;
   8.8031;
  10.4944;
   7.8931;
   9.3019;
   5.2881;
   5.1425;
   4.3023;
   9.7890;
   9.6983;
   7.0568;
   9.3238;
   8.6760;
   9.7087;
   9.5234;
  10.7762;
   8.5899;
   8.2349;
   7.6150;
   9.2043;
  11.3553;
   7.3353;
  10.8287;
  10.1702;
  12.4637;
   9.1997;
  11.4542;
  10.7954;
   6.0065;
  10.5878;
   7.3523;
  11.0726;
   9.6008;
   7.5110;
   8.5097;
   5.5225;
  10.4706;
  10.4402;
   7.5942;
   8.1905;
   9.1950;
   8.2792;
   5.6929;
   7.1064;
  10.7406;
  10.4441;
  10.0177;
   9.0636;
  11.6640;
   9.6685;
  10.4282;
  11.9304;
  10.5391;
   9.6202;
  11.0956;
  10.4016;
  11.0304;
   7.0326;
   8.0501;
   8.1098;
   5.5965;
  12.2648;
  10.7359;
   9.3788;
   8.6669;
  12.4385;
   8.5784;
   9.3228;
  12.1152;
  11.8005;
  11.9448;
   9.4161;
  11.9850;
  12.0221;
   8.7192;
   9.4020;
   5.6779;
  11.5757;
  12.0507;
  10.3154;
  11.5421;
   9.0137;
  10.2627;
  11.4103;
   6.9276;
  10.5112;
  11.2199;
  10.0985;
   8.6849;
  10.6643;
   9.7930;
  12.0435;
   8.0584;
  11.5276;
   7.2283;
  12.0786;
  10.9501;
   9.5776;
   6.4844;
  10.6164;
   7.8712;
   8.5657;
   7.3496;
  10.8231;
  11.7713;
   7.9241;
   9.1867;
  11.1039;
   8.4910;
   9.4648;
   8.2708;
   9.9901;
   9.6183;
  10.0120;
  10.1193;
   5.8394;
   6.8192;
