   2.8675;
  12.1483;
  14.6136;
  14.2882;
  15.1839;
  12.3526;
  14.5616;
  12.7640;
  14.3199;
  11.8810;
  14.5292;
  13.7432;
  14.5172;
  13.9172;
  11.8861;
  12.5612;
  14.7708;
  13.6663;
  13.2689;
  13.3165;
  10.4571;
  13.1997;
  12.5744;
   8.6340;
  10.8421;
  12.8149;
   9.9508;
  10.8212;
  10.3753;
   8.9180;
   9.8521;
  10.5182;
  10.0212;
  10.9942;
  10.9522;
  10.6888;
   9.3761;
   9.2833;
  12.3468;
   8.4289;
   7.5596;
  10.5066;
  10.9563;
  11.3448;
  12.2273;
   9.0184;
  10.9682;
  11.1643;
  10.2992;
  11.3457;
   9.6744;
   8.3201;
   9.4364;
  10.8386;
  11.7942;
   9.3037;
   9.9996;
   8.8111;
   9.1826;
  11.5350;
  11.2750;
  11.5071;
   5.7396;
  12.5231;
   9.5554;
   9.6580;
  11.3872;
   9.2855;
  11.2728;
  10.9677;
  10.3872;
  10.3215;
   5.1990;
  10.9013;
  10.4749;
  11.5534;
   9.2890;
   7.5162;
   7.3747;
   7.8881;
   5.3134;
   8.1692;
   9.5739;
  10.6054;
  10.4899;
  10.0985;
   8.5066;
   9.1221;
   8.4932;
   9.0996;
  10.2767;
   5.9935;
   8.5281;
   8.2865;
  10.8356;
  10.7381;
  10.7065;
  10.2069;
  10.0812;
   8.7925;
   8.4555;
  11.4792;
  10.2163;
  10.3602;
   8.5651;
   9.7230;
   6.1883;
   8.2867;
   6.0822;
  11.1913;
   9.8598;
   7.3016;
   8.4225;
  12.9442;
   7.4783;
  10.0737;
   9.4328;
   9.3373;
   8.9181;
  10.2849;
  11.0281;
  10.8623;
  10.4426;
  11.7395;
  10.6142;
  10.4433;
  10.8717;
1000000.0000;
   9.6775;
   9.1052;
  11.2057;
  10.5165;
   9.2984;
  11.5494;
   9.9401;
   9.1703;
   8.1786;
   9.8906;
  10.2483;
  10.0181;
  11.2931;
  10.0240;
   9.9411;
  11.4122;
   9.3755;
  10.4503;
  11.5146;
   9.2717;
   9.7593;
   7.5349;
  10.8662;
  10.5945;
  10.9172;
   9.7445;
   9.7095;
  10.1114;
   9.2856;
  10.4189;
   9.0349;
  10.5426;
   7.9670;
   8.7322;
   9.2792;
  11.3431;
   9.2430;
  11.4271;
   6.9857;
  11.9090;
  10.0697;
  10.9739;
   9.2219;
   9.8779;
   9.4021;
  10.0909;
  11.5943;
  11.2406;
  12.0755;
  12.6553;
  12.0884;
   9.1691;
  10.9537;
   9.3391;
  10.5403;
  10.8546;
  11.3804;
   8.8403;
  10.6642;
   7.1154;
  10.8512;
