  13.8293;
  13.0051;
  15.1826;
  13.6992;
  15.5812;
  12.8664;
  12.7937;
  14.5770;
  15.4313;
  14.5722;
  12.7822;
  14.3599;
  10.9629;
  12.1706;
   9.9252;
  14.0632;
  13.5535;
  14.9992;
  14.4144;
  13.8084;
  13.9721;
  14.5573;
  13.1307;
  10.2204;
  12.1684;
  12.5601;
   9.3542;
   5.1039;
  10.3941;
   5.8167;
   9.7632;
   9.7698;
  11.1678;
   7.4569;
   7.1219;
   8.1609;
   7.8385;
  12.5780;
  10.5482;
   7.1456;
  11.2018;
  10.8757;
   9.4687;
  12.0813;
   9.4116;
  11.2903;
  10.8898;
  13.6298;
  11.2518;
  10.0073;
   9.0933;
  11.9903;
  11.3818;
  12.5792;
   8.2014;
   9.3529;
  10.8686;
   7.4331;
  10.7546;
  10.4145;
   7.3946;
  10.7629;
   8.7572;
   7.6609;
   7.6126;
  11.0092;
  10.0589;
  10.5038;
  10.0416;
  11.6753;
   9.2042;
  10.7881;
   5.4708;
  10.5085;
   8.1049;
   8.6657;
   6.6013;
   7.3239;
   8.6663;
  10.9002;
  10.4540;
  11.5146;
   7.8123;
   7.3930;
  11.1930;
   8.4005;
   6.5563;
   9.0044;
   6.2721;
  11.2364;
   9.3662;
   8.3450;
   9.2174;
   6.1345;
   8.8874;
  15.5296;
  11.5951;
  10.8819;
  11.3629;
   7.4187;
   7.9731;
  11.9517;
   8.5463;
  10.1748;
  11.5899;
   7.2995;
   4.6825;
   8.8732;
  10.5097;
   9.0398;
   7.8172;
  10.5087;
  10.5387;
  13.8226;
   9.2747;
  10.1219;
  11.3170;
  10.3770;
   4.9155;
   6.7434;
   7.3048;
   9.7249;
  11.4409;
  12.3508;
   9.0223;
  10.5267;
  11.2459;
  10.6510;
   9.2365;
   9.6013;
  12.1415;
  10.3793;
   9.0385;
   9.6131;
   8.9071;
  10.5221;
   7.4967;
  12.0997;
  11.8997;
   9.7716;
  11.9889;
  12.3281;
  10.9564;
  10.4661;
   8.6912;
  11.4092;
   8.8264;
   8.8839;
  10.5745;
   8.1714;
  10.1891;
  11.0796;
  12.0905;
  10.0813;
   9.8236;
  13.0619;
   8.5870;
   6.0270;
  11.0971;
   7.9891;
   7.1288;
  10.4076;
   8.9261;
   9.9103;
   5.9410;
  11.5569;
  10.9196;
  11.8649;
  10.7826;
  10.4800;
  10.9990;
  10.7661;
  10.4404;
  11.0982;
  12.1561;
  12.0043;
  11.1560;
  10.6021;
  10.2239;
  11.1902;
   8.6584;
   9.4642;
  10.9715;
   9.2906;
  11.2591;
   9.1667;
   7.7081;
   9.7927;
  10.4039;
