  13.1316;
  12.7441;
  14.1865;
  11.1722;
   9.9763;
  14.7891;
  14.5309;
  12.4956;
  11.7632;
  14.1399;
  10.2738;
  11.2257;
  14.0601;
  14.2421;
  14.1339;
  12.5837;
  12.6470;
  13.4972;
  11.6153;
  12.7905;
  13.4972;
  13.7652;
  12.6655;
  10.6952;
  11.2167;
  12.5897;
  11.3615;
   9.3173;
  11.3624;
   9.8534;
   9.7265;
  10.6948;
  11.0540;
   8.2811;
  10.0356;
   9.8702;
  10.7095;
   7.3916;
  11.1276;
   8.7452;
   7.4094;
   8.0753;
  10.2082;
   8.2479;
  10.8126;
  11.0617;
  11.2768;
  13.3100;
   9.2175;
  10.5851;
  10.5438;
   6.8530;
  10.1482;
  10.7946;
  10.2153;
  10.2972;
   8.9900;
  10.2245;
   9.1534;
  12.0907;
  10.2299;
   8.9263;
   9.3222;
  11.9568;
   5.5649;
   6.6398;
  11.8611;
  10.2203;
  10.1068;
   7.2783;
  11.7796;
  11.2633;
   5.2711;
  10.4891;
  12.1935;
  11.5636;
   9.2884;
   3.4212;
   4.7847;
   8.9602;
   9.0187;
   8.8579;
   9.7479;
   9.5894;
  10.8529;
  11.3675;
   8.5279;
   8.4916;
   9.3749;
  10.6283;
   8.7870;
   7.7703;
  11.0676;
  10.2556;
  11.8711;
  11.2895;
  12.8941;
  10.4810;
   9.7981;
   9.0663;
   8.4975;
  10.1821;
   6.3689;
  11.2877;
  10.2340;
   5.0308;
   5.5750;
   9.2357;
   9.7963;
  10.2372;
  10.0441;
   9.5552;
   8.4982;
  13.9731;
   9.4155;
   9.2876;
  10.6574;
   9.1008;
  10.0883;
  10.9952;
  10.9728;
   6.2573;
  11.3583;
   9.0568;
  10.3563;
  10.8826;
  12.0100;
  10.0166;
  11.2784;
   6.5335;
  11.3583;
  10.5265;
   8.4984;
  11.1419;
  11.4936;
   8.5599;
   6.4400;
  12.1200;
   9.9203;
  10.6853;
  10.6344;
  11.2893;
  11.7207;
   9.8604;
  11.0839;
  10.2533;
   7.9358;
  10.2502;
   8.0446;
  10.1947;
  11.7061;
   8.2312;
  11.7677;
   7.3555;
   7.0383;
  11.6270;
   8.3382;
   9.3293;
   9.3154;
  12.3856;
  10.8828;
  10.7873;
   9.8977;
  11.9641;
   9.5447;
   8.8604;
   9.9454;
  12.1136;
   6.9427;
   8.9977;
  12.3915;
   6.4508;
   8.9634;
   9.8399;
  10.9582;
  11.7464;
   9.3150;
  10.6372;
   9.1008;
  10.9706;
   7.5380;
  10.3673;
   8.7820;
  10.6884;
  12.2570;
   7.6489;
  10.4603;
  10.3978;
  10.6975;
