  11.8205;
  15.2077;
  14.6638;
  11.9800;
  15.9186;
  13.3334;
  15.4311;
  12.9127;
  15.9682;
  14.6534;
  14.8882;
  12.6871;
  12.1114;
  14.4014;
  12.4336;
  13.9452;
  15.0824;
  14.2559;
  12.2754;
  12.7616;
   7.7304;
  10.4497;
   9.0906;
  10.1956;
   7.7020;
  12.1308;
  10.8834;
   9.7180;
   9.8441;
   9.5055;
   8.2196;
  11.8651;
   7.9832;
   8.8077;
   9.0934;
  11.1928;
  10.8204;
  12.9871;
  11.4020;
   6.8890;
   7.3545;
  11.3602;
  11.0959;
  11.7252;
  11.1697;
  11.0328;
  10.6237;
  11.7939;
  11.8343;
  10.3732;
  11.1716;
  10.5950;
  10.7265;
  11.1524;
  10.3970;
   8.0877;
   8.8044;
   7.0503;
  11.1870;
  11.2966;
  10.6300;
  12.3227;
  10.1862;
   9.1725;
   5.6956;
   6.4915;
   9.5073;
   9.5720;
   8.9021;
  11.0469;
  11.8996;
   8.8452;
   5.7382;
  10.8578;
  11.4583;
   9.6794;
   7.7685;
   8.6454;
   4.9759;
   3.7904;
   9.5938;
   9.9119;
  10.3229;
   9.4794;
   7.7705;
  11.9262;
   9.2641;
  11.0689;
  10.3335;
   6.5684;
   7.4359;
   4.3715;
  11.8526;
  10.8255;
  10.5127;
  11.3772;
   9.7461;
  11.1082;
  10.5361;
  10.0659;
   9.1031;
   8.1574;
  10.7346;
  10.8254;
   6.7454;
   9.6481;
   8.7446;
   8.7663;
   8.3761;
   8.0037;
   4.9868;
  10.8654;
  10.5639;
  14.0562;
   8.8127;
  10.2812;
   9.1457;
  10.5786;
   7.5421;
  11.2735;
  10.1686;
   9.9061;
   8.4466;
  10.3298;
   9.0989;
   8.6767;
  11.1843;
  10.8403;
   8.4730;
   9.5764;
  11.8116;
   9.1744;
   8.7087;
  10.6855;
  10.9060;
   9.2276;
   8.4759;
  11.7977;
  11.0797;
   7.8857;
  10.8010;
   9.8649;
  12.4162;
   8.7369;
   8.7455;
  11.6158;
  11.9477;
   9.1886;
  12.3402;
   8.5128;
  10.0143;
   6.7848;
   9.8102;
   9.6204;
   9.7118;
   9.6391;
   7.8389;
  10.2498;
  10.4131;
   9.3596;
  10.2930;
  11.6138;
   8.8901;
  12.8759;
   8.7528;
  10.5844;
  10.1339;
   7.5443;
   6.8928;
   9.1676;
  12.5025;
  11.0503;
  10.8704;
   7.4357;
  11.2911;
   7.3365;
  12.1176;
  13.2266;
   9.8843;
  12.6589;
  10.4116;
  10.3183;
   9.7531;
  11.1631;
   9.6473;
   9.5276;
  12.5904;
  10.3205;
  10.6964;
