  12.3691;
  14.4663;
  13.5652;
  13.7636;
  13.8251;
  13.1217;
  10.0544;
  14.5651;
  12.3034;
  15.3113;
  14.1172;
  12.9114;
  13.0023;
  14.0410;
  14.0671;
  13.2207;
  13.4553;
  14.1842;
  12.7239;
  11.2086;
  10.3916;
  13.1330;
  12.1454;
   7.3364;
   7.4428;
   7.8750;
  10.3358;
   8.1264;
  10.4507;
   7.6868;
   8.5474;
   8.8283;
   9.8254;
   7.7970;
   9.5414;
  11.0733;
   9.8625;
  11.4887;
  10.4672;
   7.5139;
   9.6652;
   8.6631;
   8.8245;
   9.1653;
  10.8042;
  10.7518;
  10.7603;
  12.8638;
   8.6133;
   6.9710;
  11.8021;
  11.7522;
  10.6011;
   9.9274;
   9.8170;
  11.3730;
  10.4679;
   8.6402;
  11.5049;
  11.0215;
  11.4619;
  11.9805;
   8.1103;
  12.5494;
  10.6201;
   9.9921;
  12.1922;
   9.9320;
  11.7566;
  10.2035;
  10.3030;
  11.0541;
   3.6777;
   9.0502;
  12.1157;
   9.4576;
   7.1834;
   7.4404;
   5.0833;
   7.4116;
   8.3762;
  10.8289;
  10.2962;
   8.4764;
  10.6816;
  11.1152;
   7.0451;
   8.8453;
   9.4603;
  10.1808;
   8.1903;
   7.6387;
  10.3369;
   9.7259;
  10.8188;
  11.3593;
  12.1869;
  11.1944;
   8.4755;
  10.3851;
   8.6213;
  11.4389;
   9.9153;
   9.9621;
  10.6832;
   8.4926;
   7.7577;
   6.8832;
   9.3531;
  11.1535;
   7.2970;
   9.4931;
   9.5576;
  13.0959;
   8.9629;
   8.2756;
   7.2094;
  10.1065;
   9.8785;
  10.2169;
  10.2874;
   8.6387;
  10.9573;
  10.8264;
  10.2694;
  10.2847;
   7.4755;
   9.0803;
   9.0922;
   6.9289;
   9.5495;
1000000.0000;
  10.0715;
  11.4290;
   9.3434;
   9.6079;
   7.3554;
   9.0444;
   8.3695;
   9.1498;
   9.2031;
  11.9788;
  11.7470;
  10.1845;
  10.6394;
  11.2894;
  10.3087;
   9.9075;
  10.2664;
   9.3267;
  10.5639;
  11.7113;
   9.5454;
   9.6334;
   8.6542;
   9.6640;
  10.0052;
   6.1245;
  10.8673;
  10.8611;
  11.6913;
  10.3338;
   7.5295;
  10.9152;
   9.5272;
  10.7974;
  10.8443;
  11.3435;
  10.1422;
   9.9277;
  11.9666;
   8.6417;
  10.0573;
  10.2524;
  11.7617;
   9.9262;
  11.7835;
  12.1765;
   8.1141;
   8.8410;
   9.6012;
  10.0302;
  10.8851;
  10.8769;
  10.8980;
   9.5840;
  11.6879;
   9.4051;
  10.2926;
