  12.0564;
  15.2690;
  14.0025;
  11.1926;
  14.4264;
  13.7002;
  14.9131;
  14.0244;
  13.4489;
  14.1344;
  13.9410;
  13.4557;
  14.6574;
  12.4797;
  11.3268;
  13.6121;
  13.0958;
   9.0172;
  13.6525;
  11.0338;
  10.8427;
  13.1810;
  12.9055;
  10.2116;
  11.3794;
  11.4214;
   7.9332;
  11.5056;
  10.8184;
   7.7435;
   9.3324;
  11.8322;
  10.6862;
   9.9208;
  11.3673;
  11.6742;
   9.9232;
  11.3035;
   9.9815;
   8.6970;
  10.8526;
  10.3733;
  11.6737;
  12.4622;
  10.4652;
   9.7595;
  11.3591;
  12.7602;
  10.4402;
   8.3899;
   9.7483;
  11.5235;
  10.4475;
   8.2498;
  11.8114;
   7.5856;
  10.9226;
   7.6197;
  10.4845;
  11.6811;
   9.2007;
  10.8528;
  10.3743;
  12.6513;
   9.3901;
  10.2564;
  12.2343;
   8.3042;
  10.9622;
  11.3702;
  11.3082;
  10.3603;
   7.8454;
  11.2024;
  10.7563;
  12.1288;
   8.5014;
   7.1623;
   5.2356;
   9.3758;
  10.8662;
   8.7246;
   9.6510;
   7.8073;
  10.3144;
   7.9583;
   7.8329;
   8.8844;
   9.1553;
   9.8836;
   7.3096;
   4.8783;
   9.9638;
  11.0551;
  11.1909;
  10.7988;
  11.7900;
  11.9413;
  10.7944;
   8.4951;
   9.5966;
  11.6347;
  10.7410;
  10.9494;
   7.8076;
  10.1733;
   7.8874;
   5.4998;
   9.4274;
  11.0289;
  11.1671;
   9.8574;
  10.3855;
  13.5144;
   9.7866;
   9.4121;
   8.6679;
   8.8153;
  10.4099;
   8.9614;
  12.0284;
   9.7933;
  10.3884;
  11.3168;
   8.1485;
   7.5877;
  10.1585;
   7.5914;
   9.7849;
   9.2684;
   9.2643;
   7.7883;
   9.9334;
  10.4207;
  10.9785;
   9.0909;
   7.8104;
  10.3523;
  10.5430;
   8.5573;
   9.2675;
  12.2461;
  10.2505;
  11.7028;
  12.0102;
  12.1705;
  10.0110;
   9.4275;
  10.2856;
  10.6916;
   8.9202;
  10.7751;
  11.0195;
  11.3560;
   8.9297;
  11.6427;
   9.6764;
   9.5504;
  11.5162;
   9.1327;
  10.5116;
   8.7680;
   9.0593;
  10.9770;
  10.4365;
  10.8497;
   7.3458;
  11.9197;
   9.8405;
   8.1529;
  11.6960;
  10.8167;
   9.7094;
  10.2326;
  11.5707;
   9.1074;
   9.0736;
  11.6293;
  11.2742;
   8.5216;
  10.8768;
  10.6653;
  11.6985;
  11.2121;
  11.7760;
   8.6968;
  11.4359;
   9.1107;
   9.6736;
