  12.8319;
  15.2151;
  13.8174;
  13.8569;
  15.3970;
  13.0424;
  10.7917;
  14.6313;
  15.7390;
  14.1995;
  13.4811;
  11.9999;
  14.7706;
  13.7196;
  11.7713;
  11.8842;
  14.3474;
  14.0783;
  14.4755;
  12.8434;
  12.5892;
  13.8145;
  12.6534;
   9.9280;
  11.0036;
  13.9774;
  10.6422;
  11.2220;
  10.7869;
   8.9961;
   9.5182;
  11.8037;
  10.1223;
  10.6226;
  11.4655;
  11.4240;
  10.2556;
  10.2079;
  10.6541;
   8.6014;
   8.8783;
   9.8022;
  10.8358;
   9.4293;
  10.2939;
  10.7073;
  11.1124;
  12.2958;
  10.2738;
  11.0161;
  11.1084;
  11.0914;
  10.8771;
  11.6728;
  10.6065;
   9.5444;
   9.0239;
   9.3011;
  11.7083;
  10.4463;
   9.9826;
  12.6951;
   9.6200;
   9.9283;
   8.4881;
   9.7151;
  12.2390;
  10.1598;
  11.5777;
  10.2648;
  11.8773;
  10.6871;
   5.1621;
  11.5321;
  10.5563;
  11.5655;
  10.0037;
   8.0976;
   8.0569;
  10.0880;
   9.3433;
  11.3265;
   9.5308;
   9.5861;
  10.2894;
  10.6189;
   9.4640;
   7.7773;
   8.3092;
  10.1092;
   9.2717;
   8.7348;
   7.4224;
   6.6712;
  10.3296;
   9.3999;
  11.3216;
  11.3301;
   6.7653;
   9.1266;
   8.5798;
   8.6312;
   9.6112;
  10.5190;
  10.6034;
   9.1020;
   5.8989;
   7.4340;
   9.4064;
   8.3462;
   9.1394;
  10.6491;
   9.7896;
  12.0282;
   9.0929;
   9.9709;
   9.8862;
   9.0318;
   8.8484;
  10.6648;
  10.4502;
   7.3298;
   9.4241;
  11.2733;
   8.5961;
  10.2613;
   9.9296;
   9.0301;
  10.8742;
  10.1513;
  11.3374;
   9.7143;
  10.1717;
  11.4918;
  11.0433;
   9.9056;
   7.2852;
   8.5873;
  12.0623;
  11.0027;
  11.3535;
   9.8422;
  11.6826;
  11.0302;
   9.0121;
   9.3032;
   9.0739;
  10.5909;
  11.6751;
   9.9658;
   8.9354;
  11.8989;
  11.0433;
   7.7391;
   9.0873;
  12.7742;
   8.4072;
   6.4363;
  11.2572;
  11.6202;
   8.5913;
  12.1578;
   9.4668;
  12.7636;
  10.4992;
   8.7976;
   7.1483;
   9.9896;
   9.4805;
  10.9746;
  11.4814;
   8.4154;
   8.8439;
  10.3370;
  11.2021;
   9.4163;
  12.0068;
  12.0680;
  11.9686;
  10.8409;
  10.7470;
  10.1062;
   8.6565;
  10.3527;
   9.6524;
   9.5548;
   9.7657;
   7.0710;
   9.4372;
