  12.6190;
  15.0716;
  15.3898;
  14.3357;
  14.0224;
  14.7006;
  14.3667;
  12.5325;
  15.6793;
  13.8060;
  15.6011;
  13.2450;
  13.7978;
  12.9403;
  13.7712;
  13.6885;
  14.8835;
  13.8019;
   9.6664;
  12.5251;
  12.6042;
   9.6411;
  10.1935;
   8.5191;
   8.7733;
   9.8008;
   9.4304;
  10.7624;
  10.5561;
   7.8370;
  10.9645;
  11.4195;
   8.6940;
   9.2905;
  10.5232;
  11.3451;
   6.9143;
   8.6950;
  10.8745;
   6.4725;
  11.0245;
  10.4179;
   9.1270;
  10.0409;
  11.7148;
   9.2170;
  11.0593;
  12.7645;
  10.2494;
   6.6785;
  11.5711;
   9.9964;
   9.6260;
  10.4865;
  12.5654;
   8.0520;
  11.1054;
  11.0172;
  11.8524;
  11.9065;
   8.4059;
  12.4332;
   7.9164;
   9.3955;
   9.7652;
   9.3952;
  10.0157;
   9.7209;
  11.2102;
   8.1853;
   7.7073;
   9.3445;
   5.6900;
  10.0348;
  13.1209;
   8.0891;
   8.6173;
   5.5258;
   7.8604;
   9.1893;
   8.3199;
  10.7964;
   8.4020;
  10.8695;
  11.0422;
   7.5564;
   9.3494;
   8.3315;
   9.9973;
  10.2816;
   9.1043;
   5.6282;
   8.1549;
   8.8562;
   7.0945;
   7.4828;
  10.6543;
   9.5233;
   9.6333;
   9.2417;
   3.7284;
   7.3897;
   9.2907;
  10.9526;
   5.3977;
  10.0762;
   6.1724;
   5.1837;
   7.9412;
  11.2108;
   9.1421;
   8.4635;
   7.9126;
  13.6562;
   9.1854;
   9.3246;
   8.8322;
   8.8514;
   9.8449;
  11.4040;
  10.8441;
   7.4941;
  10.6383;
  11.8324;
  10.7932;
   8.9933;
   9.1922;
  10.2914;
  10.1893;
   9.9808;
  11.8675;
  10.8525;
   8.4773;
   9.7753;
  11.1122;
  10.6577;
   6.6486;
  11.6218;
  11.9935;
  10.1569;
  11.9999;
   9.8663;
  10.4398;
   9.3143;
  12.5656;
  10.8634;
   8.8745;
  10.2783;
   8.8310;
  11.7766;
  11.8982;
   9.6170;
   8.2153;
   9.9855;
   9.4977;
  11.9744;
   9.8250;
  10.9534;
   6.4310;
   9.5095;
   9.8794;
   8.4451;
   4.3874;
   9.8604;
   8.7233;
   8.5158;
   4.8746;
  11.0998;
   8.0757;
  11.1581;
  11.9109;
   9.1279;
   6.5036;
   6.8429;
  12.5723;
  10.9230;
  10.8552;
  12.0476;
   8.0893;
  12.6729;
  11.2925;
  10.6322;
  11.6143;
  10.5166;
  11.3572;
   9.3847;
  10.2330;
   8.7884;
  10.6005;
