  13.6474;
  14.3553;
  13.7677;
  15.2934;
  15.5915;
  14.0693;
  15.4151;
  14.5069;
  15.3797;
  13.9000;
  13.0517;
  13.9636;
  14.0602;
  13.8290;
  14.0896;
  13.2528;
  14.6148;
  12.0635;
  14.2927;
  13.2555;
  11.8267;
  14.0996;
  13.2081;
  10.9605;
  11.2512;
  12.6299;
  10.0868;
  12.0689;
  11.7667;
   8.8522;
  10.9277;
   7.3822;
  10.5353;
  10.7071;
  11.8345;
  11.9675;
   9.7682;
  11.4257;
  10.3305;
   8.0982;
  10.7672;
  10.4032;
  10.7893;
  11.1392;
  11.9844;
  11.4653;
  11.6402;
  12.4510;
  10.7848;
  11.3317;
   9.7089;
  11.4863;
  11.0705;
  11.4792;
  11.4264;
   9.7463;
  11.4187;
  10.4972;
   8.3905;
  11.4982;
  10.2688;
  11.1433;
  10.3867;
  12.4780;
   9.6916;
   9.5263;
  11.2271;
   8.8573;
  12.6191;
  10.0773;
  11.4191;
  11.5736;
   5.4332;
   9.7488;
  13.0895;
  10.5592;
   7.7212;
   7.6477;
   8.0754;
   8.6464;
  11.0800;
  10.9897;
  10.4689;
  10.8872;
   8.4605;
   7.0711;
   9.8548;
  10.0798;
   9.3581;
  10.6756;
   8.9816;
   7.2729;
   9.7964;
  11.2576;
   9.4352;
  11.1955;
  12.5793;
   9.9308;
   5.8656;
  10.2964;
   8.3049;
  12.3756;
   7.9045;
   6.3879;
  11.0482;
   9.9782;
   5.7082;
   9.4140;
   9.0412;
  11.1952;
  10.8172;
  10.1971;
   8.6546;
  10.3973;
   9.0423;
  10.6261;
   8.2644;
   9.1430;
  10.7446;
   7.1368;
  10.6140;
   6.5811;
  10.8903;
   7.8665;
  10.7841;
  10.8793;
   9.5443;
  10.6248;
  11.0718;
  10.5494;
   9.7622;
  10.5224;
  10.1688;
  11.3881;
   8.7109;
  10.3512;
   7.4573;
  11.5630;
   9.1376;
  10.4546;
  11.8820;
  11.3373;
  12.1309;
  10.1371;
  11.7914;
   9.3593;
  10.7629;
  10.6001;
  11.1337;
  11.4080;
  12.6599;
   5.9611;
   9.7978;
  10.7213;
   8.3351;
   7.2895;
   9.6737;
   9.8310;
   9.7152;
  10.7715;
  11.8463;
  10.4141;
   8.5155;
   8.9581;
   6.6136;
  11.3363;
   9.5730;
   8.7967;
   9.0017;
  11.0466;
  11.6064;
   7.5815;
   9.7463;
   9.3842;
  12.3734;
   9.1568;
  12.4201;
  12.6787;
  11.0125;
  12.0266;
  11.2192;
  10.2535;
  11.2323;
  11.2027;
   9.9730;
   8.2412;
  10.2382;
  10.4647;
  11.4226;
