  13.1242;
  10.7644;
  13.8115;
  14.4407;
  14.2211;
  11.8112;
  15.0333;
  14.4288;
  15.2555;
  15.1567;
  14.3371;
  13.2015;
  14.3366;
  10.8066;
  13.6971;
  11.9625;
  13.4862;
  14.3404;
  12.8505;
  10.9541;
  12.3668;
  13.4009;
  10.5898;
  10.5001;
  11.2189;
  14.0651;
  11.9182;
   9.6643;
  11.1640;
   9.7038;
   9.2093;
  11.2544;
   9.6762;
  10.1073;
   8.9446;
   8.7394;
   9.3003;
  10.9069;
  10.9106;
   8.6370;
   9.7695;
   8.9982;
  10.3894;
  11.2651;
  11.3437;
  10.0431;
  10.9764;
  12.6182;
  10.2668;
  10.5688;
   8.8289;
  11.5424;
   9.9351;
  11.6694;
   6.7665;
   9.5023;
   8.2772;
  10.7021;
  11.3844;
  11.2056;
  10.3432;
  13.1916;
   9.9888;
  11.7783;
   8.9950;
   9.8222;
  11.7908;
   9.7901;
  10.5082;
  10.5886;
   8.5943;
  10.9406;
   4.8194;
  10.8404;
  12.0165;
  12.0543;
   9.9022;
   8.0104;
   7.1222;
   8.5143;
  10.5035;
   8.6852;
   9.9748;
  10.2709;
  10.7812;
  11.3986;
   7.4088;
   8.8391;
   8.7520;
   9.6432;
   7.4525;
   6.7142;
   9.7838;
   7.2607;
  11.1912;
   9.9075;
  11.3052;
  10.1047;
   9.6609;
   9.8441;
   7.8458;
  12.1157;
   8.1582;
  10.5594;
  10.2875;
   8.9431;
   6.7773;
   8.9339;
  10.6570;
  10.7693;
  10.1151;
   9.9522;
   9.8535;
  12.4125;
   8.5110;
   9.7820;
  10.2266;
   9.2838;
   9.5964;
   9.3920;
  11.0322;
   7.1789;
   9.8078;
  11.1739;
   8.3443;
  10.2674;
   9.0942;
  10.5319;
  10.5532;
  10.0969;
  10.8642;
   9.1641;
  10.2180;
  10.6994;
  10.8492;
   8.7782;
   7.3160;
  10.6141;
  10.5275;
   8.6586;
  11.1508;
   9.5646;
  11.3695;
   9.9224;
  11.0740;
  12.0074;
  10.9092;
  11.1543;
  10.1470;
   9.0445;
  12.3676;
  11.0099;
  11.4312;
  10.6692;
   7.8400;
  12.0552;
   9.5751;
   9.4635;
  11.6450;
  11.6333;
  11.4549;
  10.5823;
   7.5983;
   9.8963;
   6.8682;
   8.5600;
   9.8766;
  12.3086;
   7.7515;
  11.1526;
  11.5343;
  10.0138;
   9.0495;
   9.6461;
  10.0926;
  11.1091;
  11.4501;
  12.3902;
  11.3291;
  11.2492;
   9.1748;
   9.4132;
   9.4209;
  11.0526;
  11.6047;
   9.0084;
   8.2972;
  10.8003;
   8.8192;
