  13.0868;
  11.7884;
  11.6331;
  12.3104;
  12.9404;
  10.2659;
  11.3513;
  10.6026;
  14.7291;
  13.0465;
   9.4506;
  10.5128;
  13.7112;
  11.5253;
  12.0966;
  13.3772;
  10.0614;
  14.2424;
  11.6855;
  13.0318;
  12.1103;
   8.9110;
  12.3535;
   8.8430;
  10.1981;
  12.0494;
  11.1787;
  11.3725;
  11.7778;
   9.2329;
  10.5296;
  11.0702;
  10.0266;
   9.4418;
  11.0172;
   8.9434;
  10.9591;
  10.6105;
   9.3890;
   8.6675;
   9.4521;
   9.0271;
   9.0232;
  10.6884;
   8.2351;
  10.6160;
  10.1964;
   9.9784;
   9.4972;
  10.1696;
  11.3118;
   9.4191;
  10.8945;
  11.1304;
  11.9528;
  10.5652;
  10.9140;
  10.8587;
  11.0009;
  11.2123;
   7.9353;
  10.7063;
   9.6758;
   9.2406;
   8.0200;
   8.6221;
  10.4947;
   9.7106;
   9.6627;
   9.5959;
  11.6923;
   7.6993;
   5.8470;
   8.1984;
  10.9472;
  11.7372;
   9.4254;
   3.8953;
   4.5487;
   5.6324;
   7.0726;
   9.5813;
  10.2805;
   9.7566;
   7.6530;
  10.9794;
   8.4714;
   9.8135;
   7.3621;
  10.1555;
   7.5470;
   8.5973;
   9.0152;
   8.8349;
  10.9791;
  11.4283;
  10.4516;
  10.1093;
  10.0782;
   9.9262;
   6.9955;
   8.6454;
   8.9839;
   9.8399;
   8.5823;
   5.7965;
   5.4982;
   5.1509;
   9.4084;
   9.8110;
   9.5198;
  10.7519;
   9.9659;
  11.9662;
   6.2276;
   9.1594;
  10.1326;
   9.3783;
   9.5055;
   9.0837;
  11.4255;
   7.6124;
  10.8214;
  11.6800;
   9.0146;
   6.1822;
   9.8023;
  10.8612;
  10.8443;
   9.2171;
  10.6363;
   9.6538;
   9.4534;
  10.4323;
   9.8900;
   9.1082;
   7.5400;
  10.7128;
   9.7370;
   8.0612;
   9.9216;
  11.7133;
   8.5251;
   9.0927;
  10.0091;
  11.4204;
   9.3134;
   9.8523;
  10.9949;
   9.1270;
  11.8380;
  10.2461;
   8.6641;
  10.8692;
   5.6385;
  10.4194;
   8.3032;
  10.2552;
  10.5522;
  11.4404;
   9.7342;
   8.9173;
   8.5427;
   9.0036;
   9.4963;
  10.2903;
   8.1406;
  10.6991;
   7.5195;
  10.0337;
  10.8288;
  10.0535;
   9.6281;
   8.0018;
   9.0373;
  11.3041;
  11.2752;
  10.7389;
  11.0992;
  11.6061;
   8.6258;
   8.9890;
   9.5986;
  10.1413;
  10.6128;
   9.5341;
  11.0367;
   5.9796;
  10.3119;
