  11.1204;
  10.8545;
  13.8362;
  14.4634;
  15.2548;
  12.0267;
  14.2376;
  13.6222;
  15.9981;
  15.3458;
  14.5855;
   9.8156;
  13.1131;
  14.0334;
  13.6958;
  12.9952;
  10.0063;
  13.7539;
  14.7251;
  12.6812;
  12.3269;
   9.9650;
  10.5628;
  11.3710;
   9.4426;
  11.1820;
  10.5034;
  10.0622;
  10.3611;
   5.3780;
   9.4738;
   9.6793;
   8.7300;
   9.5906;
  11.2372;
  10.8430;
   7.4763;
   8.7706;
   9.4104;
   8.3013;
  10.6046;
   6.6649;
  11.2516;
  11.7098;
   9.9183;
  11.1146;
   9.1054;
  13.1181;
   8.4780;
  10.9161;
  10.6287;
  12.0746;
  11.2210;
  11.1702;
  10.4702;
  11.2446;
  10.9859;
  10.1714;
   9.7784;
  11.2919;
   8.4097;
  13.1603;
  10.3301;
  11.7586;
   9.9607;
   8.2611;
  11.6061;
   9.8487;
  11.4768;
  10.7234;
  10.8482;
   8.0417;
   6.7922;
   9.9692;
   8.8632;
   9.8283;
  10.3801;
   7.3076;
   5.3835;
  10.2437;
  10.8442;
   9.6293;
  10.2237;
   8.7442;
  10.3987;
   9.6134;
   6.7465;
   7.7110;
   9.5594;
  10.1452;
   8.3554;
   9.7817;
  11.3445;
   9.7573;
  10.3773;
   9.7754;
  10.9998;
   7.7636;
  10.7434;
   6.1900;
   9.5407;
  11.3711;
   8.1658;
  10.3949;
  10.0956;
   7.6494;
   5.5556;
   7.1603;
   9.9535;
  10.1502;
   7.0743;
  10.4873;
   8.3397;
  10.3212;
   9.0544;
   9.2910;
   9.1415;
   9.5016;
   9.0951;
  10.0483;
   9.0261;
   7.3165;
  11.6574;
  12.2132;
  10.5463;
  10.8402;
   7.0365;
  10.5826;
  10.9197;
   9.9363;
  10.9368;
  11.4284;
   7.4703;
  11.1010;
  10.1968;
   9.1468;
   8.7683;
   9.8124;
  11.6074;
   8.8330;
  11.8232;
   9.7944;
   9.7132;
   8.1367;
  11.1564;
  11.9415;
   8.7129;
   9.4527;
   9.5164;
  10.2767;
  11.2073;
   8.1963;
   6.1234;
   7.8395;
   9.9278;
  12.5997;
   6.9966;
   9.3488;
  10.5574;
  10.9209;
   8.0464;
   9.7009;
   9.7207;
  12.3189;
  10.8430;
  10.9526;
   7.5884;
  10.4223;
   8.3853;
  10.4876;
  11.9077;
  10.4175;
  10.5473;
  10.5983;
  11.4670;
  11.1971;
  11.6849;
  12.7117;
  10.1632;
  11.9421;
  10.8255;
  10.0141;
   6.9218;
  10.8003;
  11.4993;
   7.6853;
  11.5063;
  10.3662;
   6.0181;
