  13.5905;
  12.0220;
  11.6769;
  10.8065;
  16.4280;
  13.4842;
  13.1556;
  11.7275;
  16.2832;
  16.1098;
  14.2680;
  12.9295;
  10.7839;
  14.5903;
  14.9386;
  11.1653;
  14.9936;
  13.8363;
  14.3435;
  13.0248;
  10.5274;
  13.8331;
  11.5954;
   8.9171;
  11.2701;
  13.7665;
  11.5746;
  11.6692;
   9.4934;
   8.4075;
   9.8567;
   9.6390;
   7.8939;
   9.3019;
   8.4985;
  11.6614;
  11.1587;
  12.4395;
  12.2706;
   8.2804;
  11.0690;
   9.6118;
  11.1960;
  12.1408;
   8.2570;
  11.7513;
  11.1708;
  12.6529;
   9.3485;
  10.7964;
  11.5834;
  10.8725;
  11.1851;
  12.4599;
  11.1667;
   7.4530;
   8.1412;
   7.9224;
   8.7585;
   9.8846;
   6.8639;
   9.7584;
  10.3058;
  12.0577;
   8.2449;
   9.1265;
  10.5935;
   9.3040;
  10.7355;
  11.3559;
  11.9683;
  11.7871;
   5.1943;
  11.5374;
   7.7230;
  11.6715;
   9.5313;
   7.9462;
   7.6760;
   7.3317;
   9.9397;
   6.3695;
  10.8730;
  11.0292;
  10.8028;
  11.2631;
   6.9554;
   8.2635;
   9.3493;
   9.2909;
   9.4132;
   5.1350;
   8.3214;
   8.3024;
   9.0365;
   9.8200;
  12.3001;
   8.8298;
  10.8456;
   9.5127;
   9.8842;
  11.7619;
  10.1988;
   9.8619;
   9.4931;
   9.8814;
   7.8403;
   9.3067;
   9.0302;
   8.8865;
  10.1927;
   8.5809;
  10.0692;
   8.3528;
   9.9358;
  11.0567;
  10.3961;
   8.3535;
   6.2734;
  10.7212;
  10.3103;
   8.5944;
   9.6258;
   9.7105;
  10.6840;
  10.4959;
   7.4356;
  11.5921;
  11.2415;
   9.7165;
  11.1631;
  10.9908;
  10.5126;
  10.2404;
  11.3630;
   9.4887;
   7.5183;
  12.1013;
  11.7036;
   9.4396;
  12.0794;
  11.1325;
  11.8300;
  11.0678;
   7.5555;
  10.3744;
  11.5135;
   8.3764;
1000000.0000;
   7.7816;
  10.0364;
  10.3585;
  11.1252;
  10.2821;
   8.3655;
   8.2312;
  10.4745;
   8.4533;
  10.1262;
  12.2015;
1000000.0000;
  12.4049;
   8.0560;
   9.6297;
  11.3043;
   8.7209;
   8.6405;
   9.2020;
  10.6979;
   8.3422;
  12.1364;
   9.5835;
   9.9395;
  10.2006;
  11.9966;
  11.6576;
  12.5986;
   7.6508;
  12.3374;
  12.6481;
   7.9729;
   9.7077;
   9.8006;
  10.3823;
  10.6852;
   7.8865;
  10.7005;
   9.4122;
  11.2088;
