   2.3346;
  14.8691;
  15.3375;
  13.9958;
  13.7419;
  15.2368;
  14.6810;
  14.2186;
  14.5010;
  10.7824;
   9.3327;
  13.7801;
  15.2954;
  14.3559;
  11.7139;
  10.8779;
  14.9752;
  11.8844;
  13.7082;
  11.8550;
   9.6482;
  12.5524;
  13.3920;
   6.4414;
   8.0212;
   9.2103;
  12.0270;
   9.8191;
  11.0608;
   6.6756;
   8.2721;
  11.5932;
   9.9770;
  10.0274;
   8.5826;
  11.9497;
   8.2107;
  10.8172;
  13.5105;
   9.4190;
   8.1025;
  10.3965;
   8.3610;
   9.7353;
  11.5408;
  10.4063;
   8.9449;
  12.8189;
   8.9995;
  10.9630;
   7.4466;
   7.1993;
   8.8323;
  11.5034;
  10.0843;
   9.0777;
  10.6355;
   9.0104;
   9.7186;
   7.9504;
  10.7487;
  12.9152;
  10.0663;
  10.4469;
  10.1471;
   9.4398;
  11.6532;
   9.7691;
  11.1837;
   9.9955;
   9.4271;
   7.7395;
   4.7269;
   7.1036;
  11.2046;
  11.6106;
   7.0845;
   8.7543;
   8.6199;
   9.3648;
   8.0604;
   9.2542;
  10.8426;
   9.4287;
  11.0793;
  10.0037;
   9.1746;
  10.4568;
   7.8816;
   8.1953;
   7.8593;
   7.9617;
  12.4129;
  10.3326;
  11.2497;
  11.7032;
   9.8487;
  10.6625;
  10.5387;
   8.6174;
   9.3995;
  12.2340;
   6.9009;
   7.6626;
  10.4441;
   9.8935;
   5.8453;
   8.8907;
   8.2665;
  10.6908;
   9.1255;
   9.4160;
  10.6529;
  12.4599;
   9.3726;
  10.3762;
  10.1171;
   6.8897;
   8.4502;
  11.5005;
  11.6493;
   9.5225;
  11.7466;
  11.3294;
   8.5847;
  10.9662;
  11.4826;
   7.4547;
   9.4783;
   9.7417;
  11.4554;
   7.8383;
   9.7866;
  11.3955;
   9.9068;
   4.3455;
   8.6937;
  10.5415;
  11.5360;
  10.4351;
   7.6292;
  11.0601;
  11.4816;
   8.8164;
  10.4743;
   8.2778;
   8.5187;
   9.9674;
   9.4667;
  11.1909;
  10.8530;
  11.6062;
  11.1418;
  10.0715;
  10.3994;
  11.7699;
   9.9696;
   6.4396;
  11.7975;
   9.4376;
  11.8331;
  10.7233;
  10.2537;
  11.9878;
  10.2264;
   8.7982;
  11.4584;
   9.1538;
   7.0392;
   7.6516;
  12.3766;
   9.0358;
  11.0007;
   8.2054;
  11.8037;
   7.1788;
  12.5594;
  12.9300;
  12.6168;
  11.5290;
  10.5784;
  11.1474;
   9.7390;
  10.9801;
  12.2555;
  10.7366;
  10.4625;
  10.7542;
  11.4911;
