  13.2156;
  15.5008;
  15.5826;
  14.4808;
  14.4761;
  14.4283;
  13.5553;
  14.5544;
  16.2799;
  15.4672;
  13.3679;
  12.2040;
  15.2434;
  10.0424;
  14.8183;
  13.4229;
  14.6548;
  12.3080;
  14.3474;
  13.3467;
  12.3475;
  12.1021;
  12.9541;
  10.6825;
  10.0785;
  13.8220;
  12.0389;
   9.2235;
  12.0075;
   9.5135;
  10.8787;
  12.1283;
  11.4489;
  11.3712;
  11.0819;
  10.5324;
   9.8994;
  10.1899;
   9.5312;
   8.9697;
  11.0532;
  10.0821;
   9.5535;
   8.3169;
  11.1875;
   8.9437;
  10.3755;
  12.9036;
  11.2034;
  11.3507;
   9.3358;
  11.9194;
  11.0040;
  11.4622;
   9.6260;
  11.3983;
   9.4412;
  11.0007;
  11.3512;
  11.3475;
  10.4208;
  12.0253;
   7.8572;
   8.0371;
   7.4745;
  10.2296;
  12.0672;
  10.7735;
   9.3401;
   9.3941;
   9.7973;
  11.2864;
   5.6922;
   6.8315;
  12.4303;
  10.1548;
   7.7221;
   8.6897;
   4.7515;
   9.2650;
  10.6365;
   8.5206;
   9.2304;
  10.1153;
   9.6713;
  10.2944;
  10.6483;
   7.6211;
   9.3058;
   8.4866;
   8.3856;
   6.8248;
  11.4915;
  10.3565;
  11.9263;
  11.2667;
  12.3984;
  11.6857;
   7.5815;
   9.3334;
  10.0947;
  12.1911;
   9.7102;
   9.2550;
  10.4934;
   9.5723;
   5.9553;
   9.4016;
   9.2722;
   9.2871;
  10.6288;
  10.3839;
   9.2828;
  11.0307;
  10.0340;
  10.9428;
   9.3984;
  10.1864;
  10.8727;
   8.7950;
  12.1190;
   8.6809;
  10.5012;
   8.5506;
   8.2419;
  11.1385;
  11.5535;
   8.6556;
  11.4321;
  10.4971;
   9.4875;
   8.6747;
  10.2465;
   9.2303;
   7.8893;
   8.5596;
   6.1717;
  10.2848;
  11.4271;
   8.7721;
   9.1286;
  10.8717;
  11.5383;
   9.9941;
   8.9655;
   8.8003;
  11.0314;
   9.9358;
  10.4243;
   9.5204;
   7.9637;
  11.7211;
   9.1621;
  11.8239;
  10.5214;
  12.2590;
   7.7385;
  11.0642;
  10.5819;
  12.3820;
  10.4698;
  10.6195;
  10.0743;
1000000.0000;
   8.7827;
  10.7325;
  10.6603;
  10.3867;
  10.5144;
  11.1198;
  10.4800;
  11.9005;
   5.3655;
   8.8723;
  12.5102;
  12.0445;
  11.8180;
  13.6768;
   6.4975;
  11.2878;
   9.0381;
   9.2699;
  10.6405;
   8.5532;
  10.8335;
  10.3063;
  12.3402;
   8.7730;
   7.4856;
