  11.1505;
  15.6306;
  14.7635;
  14.1336;
  13.3038;
  12.3654;
  14.1511;
  12.5870;
  14.9264;
  15.2194;
  13.6227;
  12.0335;
  13.6011;
  11.9746;
  14.2005;
  13.2069;
  12.2955;
  12.1364;
  13.0399;
  11.0261;
  14.9345;
  12.2374;
   9.9383;
   9.9847;
  10.1149;
  11.4170;
  10.9271;
  11.4018;
   9.3401;
   5.4072;
   9.5640;
   9.2430;
   8.8976;
  11.8084;
  11.0768;
  10.6206;
   9.2134;
  12.5256;
  12.7353;
   6.0521;
   9.8275;
   9.2565;
  10.0958;
   9.7222;
  10.7365;
  10.1784;
  10.9795;
  13.3576;
  10.8016;
  11.3457;
  11.3793;
  12.5586;
  11.2467;
   7.2406;
  10.5355;
   9.8364;
   9.8053;
  11.6869;
  12.1104;
  10.9033;
   9.9274;
  12.9154;
  10.4953;
  12.2022;
   9.5603;
   8.0943;
  12.6022;
   8.8034;
   9.9212;
   8.2856;
  10.9964;
   7.4124;
   6.8857;
   9.1863;
  10.4640;
  10.4454;
  10.1376;
   4.9606;
   4.8619;
  10.4287;
  10.4653;
  10.8904;
   7.9375;
   9.8228;
   7.0422;
  11.5294;
   7.7810;
   9.2370;
   6.7803;
  10.7554;
   6.6088;
   4.4374;
  11.5325;
  10.4390;
  11.1753;
   8.6434;
  11.8524;
  10.6548;
   9.9203;
   9.7548;
   6.2797;
   8.9864;
   9.5004;
   9.2276;
  10.3545;
  10.3862;
   5.2104;
   8.5820;
  10.9107;
   8.9374;
  11.1945;
   7.3956;
   8.1639;
  11.5391;
   5.5304;
  11.4008;
  11.1992;
   7.6352;
   8.3083;
  11.4805;
  11.5161;
  10.2333;
  10.0498;
  12.0472;
   8.0376;
  10.6020;
  10.7735;
   9.8801;
  10.6730;
   8.8758;
   8.9640;
  10.1798;
  10.4821;
  11.8316;
   9.5600;
   9.9658;
   7.9171;
  12.3225;
  10.3609;
   6.9693;
  10.1835;
  10.6383;
  11.8034;
   9.2157;
  12.0077;
   9.2365;
  11.1173;
   8.6126;
  11.8568;
   7.4580;
  10.5252;
  10.9650;
  12.0324;
   9.4747;
   6.5527;
  11.1913;
   8.3554;
  10.3654;
   6.8589;
  10.1642;
  11.3952;
   8.7791;
   9.9779;
  12.5517;
  10.4084;
  10.4945;
  10.6572;
   8.7755;
   9.9006;
   7.5971;
   9.8233;
   9.2081;
   9.2590;
  11.3444;
   6.8452;
  10.8091;
  11.6949;
  13.4136;
  11.1051;
  10.6357;
  10.5012;
   7.6090;
   8.0331;
   9.5314;
  11.7573;
   8.9279;
  12.2475;
  10.2028;
   8.8244;
