  12.6730;
  13.2865;
  15.3183;
  13.4618;
  13.6538;
  13.2164;
  13.9130;
  14.9591;
  14.9675;
  12.7099;
  14.3380;
  13.7710;
  14.5079;
  11.9266;
  14.7665;
  12.1725;
  11.9736;
  12.8310;
   9.1328;
  12.7722;
  13.0544;
  14.1512;
   8.2953;
  10.9298;
  11.4602;
   9.6919;
  11.1824;
  10.7891;
   7.1184;
   6.7992;
  10.3035;
   9.4814;
   8.7262;
   8.2160;
   9.9245;
  10.2805;
  10.0717;
  10.6964;
  11.1867;
   7.5044;
  10.8611;
   8.1712;
  10.7974;
  11.7872;
  11.1755;
   8.8077;
   9.6940;
   9.2787;
   9.3679;
   7.7670;
   7.3838;
  10.9498;
  10.9822;
  10.6104;
   9.7144;
   8.4635;
  11.6152;
   6.0088;
   2.7156;
  10.6273;
  10.7532;
  12.6082;
  10.7579;
  10.7647;
   9.6907;
   9.4249;
  11.3221;
  10.6183;
   7.8667;
  12.1271;
   9.2616;
   7.4022;
   8.2633;
   8.5696;
  12.1957;
   8.5925;
  10.5034;
   6.9258;
   4.9166;
   8.9482;
   7.4345;
  11.5955;
  10.4923;
   7.3593;
  10.3834;
  11.2039;
   7.9211;
   7.0056;
   9.8044;
   8.6724;
   5.9111;
   8.4904;
  10.7851;
   8.7382;
  11.2296;
  10.8161;
  11.1873;
  10.4533;
  10.3456;
   5.3178;
   9.1193;
  10.7518;
  10.6350;
   7.2801;
  10.8534;
  10.0684;
   5.7260;
   9.2713;
   8.5867;
   5.4511;
   8.3448;
   8.9801;
   7.2221;
  10.0835;
   8.6937;
   8.3483;
   7.5748;
   9.8492;
  10.7667;
  10.8513;
  10.0152;
   9.4722;
   8.8466;
  11.1443;
   9.3527;
  11.1404;
  10.7078;
   9.1813;
   8.4748;
  10.0027;
  10.7109;
  11.0074;
   7.4323;
   8.4773;
  11.6796;
  10.5965;
   9.5262;
  11.1262;
  11.6575;
   8.7326;
  11.9641;
  12.8019;
   8.7243;
   9.9767;
   8.1862;
  11.0864;
  11.6999;
   8.8657;
  11.1391;
  11.0885;
   9.1259;
  11.7105;
  11.9286;
  11.2123;
   7.9598;
  11.7031;
  10.1953;
   9.3147;
   9.5195;
  11.0292;
  11.0064;
  11.5606;
  10.0179;
  11.0406;
   9.3098;
  11.5811;
   9.5003;
   9.6706;
   7.2523;
  10.5460;
  10.7725;
  11.1468;
   9.8137;
  10.3754;
  10.6243;
   7.2095;
   9.8946;
  11.6272;
  12.2667;
   9.6233;
  11.1819;
   8.2339;
  11.1077;
  11.0915;
  12.2592;
   9.8412;
  11.9360;
   8.5291;
   6.2934;
