  12.7644;
  14.4383;
  14.4097;
  15.0241;
  14.4168;
  13.6781;
  14.8639;
  13.5524;
  15.6867;
  15.0783;
  12.2280;
  12.1484;
  15.3884;
  13.3224;
  13.5399;
  12.6778;
  12.2234;
  14.4735;
  14.2641;
  13.0297;
  12.5602;
  13.3717;
  13.3220;
  10.9438;
  11.0390;
  12.1641;
  10.4219;
  11.8455;
  11.5409;
   8.3899;
  11.0185;
  12.0365;
  11.2391;
  10.7892;
  10.9277;
   9.2314;
   8.3933;
   8.0068;
  11.1302;
   9.9820;
   8.6983;
  10.1822;
   7.1068;
  11.6172;
  11.2355;
   9.8914;
  10.3510;
  11.9118;
  10.8294;
   9.7723;
   7.3337;
  10.8395;
  10.8129;
  11.7450;
   7.2623;
   9.9291;
   8.0795;
  10.7720;
  10.9552;
  11.4537;
   9.8484;
  10.4501;
  10.1225;
  11.9978;
  10.2519;
   9.9419;
  10.1592;
   9.6953;
  10.8396;
  10.3975;
   9.7595;
   8.1492;
   5.2435;
  11.4102;
  12.5771;
  10.6993;
   8.7422;
   8.0410;
   8.2944;
   7.6969;
   9.4934;
  11.0711;
   8.6671;
  10.8670;
  10.8583;
   9.8834;
   9.5981;
  10.0330;
   6.9091;
   8.5353;
   7.4936;
   7.4501;
  10.9959;
   7.5952;
   8.6743;
   9.2872;
  10.7156;
   9.2629;
  10.8380;
   7.6184;
   8.6994;
  12.2737;
  10.0421;
   8.3787;
   9.5654;
   8.5370;
   5.3269;
   9.0543;
   8.9340;
   8.5823;
  11.0962;
  10.6539;
   9.5394;
  14.1095;
   8.7754;
  10.4608;
  10.9469;
   8.8512;
   8.4870;
   6.5473;
   9.9281;
   8.5525;
   9.7531;
  10.0464;
  10.2718;
  10.7285;
  10.9766;
  10.5696;
  11.3124;
   9.1832;
   8.5504;
   8.8168;
  10.5343;
  11.3348;
   9.2426;
   8.3604;
   7.5827;
   9.5901;
  10.1262;
  11.0938;
  11.1392;
   9.9587;
  11.5883;
  10.5034;
   9.4634;
   9.3303;
  10.7170;
  10.8345;
  11.5800;
  10.7813;
  10.5730;
  11.2244;
  10.6649;
   7.8057;
   9.2060;
  12.7472;
   8.5460;
   6.0898;
  11.6513;
  12.0122;
  10.6831;
  11.9705;
   9.8537;
  12.5983;
   6.8943;
  11.3606;
   6.3326;
  12.5242;
   8.1686;
  11.2310;
  11.7577;
   9.4510;
   7.9904;
  10.4392;
  10.3455;
  10.5086;
   9.8313;
  10.8282;
   8.6698;
  11.9639;
  10.3024;
   9.0505;
  10.5902;
  10.3430;
  10.2432;
   8.9826;
   9.1174;
   9.3748;
1000000.0000;
