   8.2576;
  13.9321;
  13.5945;
  11.4666;
  13.6454;
  14.5936;
  13.8345;
  14.2503;
  14.7874;
  14.8222;
  14.8165;
   9.5648;
  15.0298;
  13.8472;
  13.4633;
   7.9506;
  13.8399;
  14.1979;
  10.1756;
  12.8306;
  12.5833;
  11.2864;
  13.3890;
  10.3858;
  10.4191;
  11.6846;
  11.3385;
  11.5059;
  11.8919;
   9.5706;
  10.6451;
  10.3063;
  10.7198;
  10.1081;
  11.5273;
  10.7418;
   9.7838;
  11.9739;
   9.6041;
   9.0987;
   8.4511;
   9.9655;
   8.1018;
  11.1392;
  12.2085;
   7.9473;
  10.7461;
  11.0112;
  11.1124;
  10.6346;
  11.1539;
  10.4719;
  10.4138;
  11.9895;
  11.4511;
   9.7564;
   7.9210;
  10.8661;
  11.3306;
  10.8632;
  10.1634;
  12.2582;
   8.2197;
   8.9239;
   5.5384;
  10.3768;
  11.1373;
  10.2825;
  12.3121;
   7.1228;
   7.9815;
  10.3173;
   5.2772;
   8.2446;
  10.7393;
  10.0867;
   9.7199;
   6.8348;
   7.9577;
   8.6709;
   9.8548;
  10.9364;
   9.0571;
   9.7274;
  10.4221;
  10.4682;
   6.3250;
  10.1157;
   9.3460;
   7.4912;
   6.8403;
   5.3713;
   9.5311;
   8.3667;
   7.4455;
  11.5626;
   8.6387;
  10.5877;
   8.7383;
   6.7876;
   8.5103;
  10.4969;
  10.6672;
   9.4850;
   9.9139;
   7.1633;
   7.7285;
   5.1375;
   9.4979;
  10.4932;
   8.3731;
  10.0422;
   9.1745;
  10.2044;
   9.0701;
  10.7872;
   8.9864;
   9.9562;
   9.6361;
  10.3795;
  11.2492;
   7.3402;
  10.3720;
  10.6517;
   8.4832;
   9.4628;
  10.1156;
   8.8593;
  11.2126;
  10.2129;
  10.1643;
  10.3432;
   8.7280;
  10.5004;
  10.3082;
   9.4021;
   8.3941;
  11.5533;
   9.5304;
  10.3493;
  10.5883;
  11.8420;
  12.2968;
  10.6590;
  10.5640;
   9.3312;
   9.2300;
  10.0443;
   8.8532;
   9.9467;
  11.3975;
   7.6554;
  10.7556;
  11.2822;
  10.0246;
  10.8752;
   8.1390;
   9.6364;
   8.8058;
  11.9531;
   8.6562;
  10.4543;
   8.3036;
   9.4244;
   9.4304;
  10.7582;
   7.3597;
  11.3444;
   6.4385;
  10.0306;
  12.0545;
  11.3981;
  10.8263;
  10.2032;
   7.6776;
   8.5039;
   9.4728;
  10.1099;
  10.9475;
  11.3913;
   9.3818;
  10.1147;
  10.6679;
   7.9443;
   8.1272;
  10.1645;
  11.6272;
   8.9277;
   9.6097;
