  12.9103;
  15.6177;
  14.3743;
  14.2424;
  15.3213;
  12.5598;
  12.2082;
  13.8774;
  12.8068;
  15.4068;
  14.8035;
  12.4286;
  14.5409;
  12.8530;
  14.5756;
   8.9256;
  14.4666;
  14.7048;
  15.1510;
   9.5680;
   6.3504;
   8.5040;
  12.0774;
  11.0483;
   9.5902;
   6.9060;
  11.5948;
  10.4155;
   9.1465;
  10.1059;
   6.6716;
  11.0320;
  11.2153;
   9.9019;
   9.3614;
  11.5065;
  10.6304;
  12.2156;
   9.3395;
   8.7783;
   7.3186;
  10.9575;
   7.1032;
  10.3039;
  12.6013;
   9.9744;
   9.6395;
  11.8981;
  11.1768;
   8.6246;
  10.1606;
  10.3124;
  11.0739;
  11.9062;
  10.3272;
   5.8893;
  11.3920;
  11.4313;
   8.0614;
   7.7485;
  11.3925;
  10.4383;
   9.3042;
  10.0657;
  10.3899;
   8.3133;
   9.0295;
   6.7980;
  11.4861;
  11.0574;
   9.7462;
   6.2810;
   5.8893;
  10.5234;
   9.8943;
  10.6865;
  10.0369;
   5.4385;
   8.8302;
   8.6117;
   6.2616;
   9.2119;
  10.5275;
   8.6460;
  10.7146;
  10.8120;
   9.3462;
   9.6360;
   5.5035;
   9.4490;
   7.8321;
   8.8393;
  10.3116;
  10.9819;
  10.5261;
   9.0855;
  10.4387;
  11.8793;
   9.4960;
   8.6442;
   9.9545;
  10.7044;
  10.9998;
  10.7026;
  10.8724;
  10.3446;
   8.2848;
   8.7523;
   8.9361;
   8.5816;
   6.7593;
  11.0422;
   7.4761;
  11.4007;
   8.4248;
  10.1111;
   9.0353;
   7.8002;
   7.5666;
   9.0446;
  11.9349;
   8.6144;
  12.0745;
  10.6274;
  10.4346;
  10.9011;
  11.1546;
   7.6605;
   6.6048;
   8.7785;
  10.6782;
  11.2263;
   8.9755;
  11.3172;
   8.3516;
   9.7391;
   6.3684;
  12.1806;
  10.4378;
  11.1048;
  10.7929;
  11.2067;
  12.2363;
  11.2732;
  10.2333;
  11.3376;
   8.0145;
  10.3227;
  11.5865;
  11.4348;
  10.7775;
   9.4154;
  10.0860;
  10.8086;
   9.0354;
  11.2714;
  10.2405;
  10.3765;
  11.2723;
  10.6806;
  10.2335;
  11.2060;
   8.8812;
   7.7572;
  10.9813;
   9.8140;
  10.3691;
  12.1487;
   6.9533;
   9.5232;
  12.3141;
  10.3040;
   8.3223;
  11.2893;
  12.0135;
  10.9952;
  11.1114;
  11.9170;
   6.2762;
  11.7693;
   9.2589;
   9.0193;
   8.3037;
   8.3884;
  11.9981;
  10.2444;
  12.4008;
  10.6352;
   9.5301;
