   2.7321;
  13.7944;
  15.5443;
  12.1102;
  14.9402;
  14.1412;
  14.5744;
   8.5712;
  14.3885;
  15.6594;
  14.5914;
  12.2636;
  14.4767;
  14.2545;
  13.3228;
  12.9073;
  14.5263;
  14.0904;
  12.9612;
  11.7844;
   8.2064;
  12.7362;
  12.9469;
  11.4092;
   9.2813;
  13.2589;
  11.9972;
  10.1403;
  11.7860;
   8.1461;
   9.7762;
   9.7123;
  10.6316;
  10.2283;
   8.8064;
   7.3726;
   9.2225;
   9.7314;
  12.3586;
   9.1211;
  10.7710;
   7.8162;
   7.9376;
  11.3513;
  11.7102;
  10.6714;
  10.5163;
  11.8105;
   6.5524;
   6.8795;
   9.5032;
   9.1328;
   6.4932;
  10.5531;
  11.1113;
   9.4713;
   9.4687;
  10.0048;
  10.7333;
  11.4036;
  11.4277;
  11.5309;
   9.0978;
  12.9197;
   8.8158;
   9.3333;
  10.7389;
   7.9286;
  11.7071;
  12.0164;
   9.0325;
  10.5814;
   5.1684;
   9.9041;
  11.2837;
  12.0182;
   9.8549;
   8.6154;
   5.4844;
   9.6219;
   8.1770;
  10.6050;
  10.1712;
  10.2926;
   9.3685;
   9.5049;
   8.0237;
   9.7719;
   7.5341;
  10.6183;
   9.2994;
   9.1453;
   8.4884;
   9.0055;
   7.9159;
  10.0073;
  13.2628;
  11.1434;
   8.0445;
   6.2893;
   9.5373;
   8.8837;
   8.5014;
   9.6305;
   8.7354;
   9.8200;
   8.0404;
   8.9576;
   7.9702;
  11.2736;
   9.4396;
  10.6339;
  10.3886;
  11.9193;
  10.0711;
   9.3207;
   8.3047;
   9.4828;
  10.1662;
   9.2405;
   8.7424;
   6.9385;
   9.4125;
  10.9424;
   8.4794;
  10.5720;
  10.4894;
  10.7966;
  11.3021;
   8.8967;
  10.0673;
  10.9146;
   9.5774;
   9.3390;
  10.0136;
   5.3169;
   7.9235;
  12.0251;
  10.4648;
   8.3761;
   8.5901;
  12.2440;
  11.1571;
   8.5972;
  10.4762;
  11.3088;
   8.5859;
   9.0406;
  11.4134;
   8.9039;
  11.1034;
   8.9243;
  10.8945;
  10.8022;
   9.8951;
   7.9264;
  10.1340;
   6.1156;
  11.5325;
  12.1006;
  11.0819;
  11.3873;
   8.9046;
  11.5630;
   9.5796;
  11.4902;
   8.0408;
   9.2853;
  10.3258;
  10.5495;
  10.3797;
   9.3209;
  10.2514;
   9.8218;
   9.6040;
  10.2404;
  12.3871;
   9.8710;
  11.5704;
  11.6458;
  10.0988;
   9.3721;
   8.9398;
  10.4443;
  11.1271;
  10.4619;
   9.0856;
  11.1476;
   8.0194;
