   2.6028;
  10.4015;
  15.4521;
  11.9944;
  11.5365;
  14.2523;
  15.1186;
  13.7196;
  15.5372;
  15.4733;
  14.5625;
  10.8903;
  15.1851;
  14.4043;
  14.5680;
  10.9941;
  14.3048;
  11.8364;
  12.3652;
  12.2626;
  10.1421;
  12.5157;
  11.4179;
   7.7838;
   7.9025;
   9.3083;
  12.4639;
  11.9835;
  10.4514;
  10.4674;
   9.5794;
  11.7461;
   9.4434;
   9.9235;
  11.0270;
  11.3709;
   9.3743;
  11.7820;
  10.9223;
   8.8398;
   8.5564;
  11.0152;
  11.1856;
  11.2521;
   8.2149;
  10.0113;
  11.4597;
  11.8776;
   7.1075;
   8.4403;
   8.8903;
  11.1704;
   6.3340;
  10.7724;
  11.9002;
   9.8852;
  11.1112;
  10.3677;
  11.5134;
  11.4683;
   6.8698;
  12.6694;
   6.4296;
  10.9753;
   5.5528;
   9.2092;
  11.4861;
   9.8731;
1000000.0000;
  11.3009;
  10.6816;
   8.7915;
   5.1358;
   9.1294;
  10.9532;
  11.6663;
   9.6122;
   7.3184;
   6.6027;
  10.0555;
  10.4414;
   7.0547;
   9.6291;
   8.3153;
  10.5042;
  11.4203;
   8.5571;
   8.8482;
   8.8692;
   9.2841;
   9.2591;
   7.6801;
   9.3375;
  10.6032;
   8.8994;
   7.3936;
  12.7815;
   9.5655;
  10.8152;
   7.6980;
   8.6529;
  11.2261;
   8.7259;
   8.8410;
  11.4652;
   6.8756;
   8.3949;
   9.2616;
   9.0173;
  10.4194;
   8.8708;
   9.0461;
  10.4077;
  10.4885;
   8.2795;
  11.0905;
   7.9083;
   7.6165;
   8.6004;
  11.6606;
  10.0682;
  10.0136;
  11.9762;
  10.1566;
  10.7255;
  10.2138;
  11.5260;
  10.7511;
  10.9492;
   8.7791;
   9.4755;
  11.5519;
   9.8604;
   8.9999;
   8.6587;
   9.6805;
   9.4692;
  12.0677;
  10.6396;
  10.6846;
  11.1545;
  12.6645;
  11.8750;
  11.2626;
  10.1516;
   8.2946;
   8.0155;
   9.9344;
  11.2750;
   8.1009;
   9.6897;
   9.8783;
  11.7666;
  11.0064;
  10.4112;
  11.7735;
  10.3027;
  11.0264;
  11.7998;
  12.2042;
  10.8957;
  11.0928;
   6.8767;
  12.1343;
   8.8187;
  11.8658;
  10.2241;
  11.6446;
   6.7975;
  10.3445;
  11.8680;
  10.7724;
   8.4815;
   7.6180;
  11.2432;
   4.0796;
  10.2459;
   8.2127;
   7.7836;
  12.3778;
  10.3696;
  10.8334;
  11.9174;
  11.2589;
  10.1116;
  10.0833;
   9.5923;
   8.6148;
  10.4570;
