  13.6576;
  14.7175;
  10.1164;
  14.5574;
  13.4562;
  14.0494;
  15.0005;
  10.0469;
  15.4985;
  15.5417;
  15.1100;
  14.3475;
  11.1484;
  13.9368;
  14.6025;
  12.2044;
  14.0128;
  14.7700;
  10.9078;
  13.5930;
  14.1832;
  13.4173;
  13.0436;
   8.7312;
  11.5018;
  11.7569;
  11.5303;
   8.8981;
  11.9991;
   9.8764;
  10.8126;
  10.4196;
  11.3596;
   9.7613;
   9.2884;
   8.5355;
  10.9298;
  11.4490;
  12.0293;
   6.7385;
   9.4301;
   8.0141;
  11.7327;
  11.7355;
  10.6242;
  11.0295;
   6.8733;
  11.6722;
  11.0332;
  10.8083;
   7.3491;
   9.6677;
  10.2228;
  10.8922;
   8.6236;
  10.9266;
   8.5066;
  11.1695;
  11.2289;
  10.9572;
   9.6854;
  11.3334;
  10.1292;
  10.8035;
   7.7662;
   9.5388;
  10.2599;
  10.7659;
  11.0620;
   6.9295;
   8.6055;
  11.5026;
   6.2276;
  10.1630;
  12.1539;
  10.5740;
   9.9614;
   8.4342;
   6.3914;
   9.3231;
  10.4863;
  10.9914;
   7.3045;
  10.3394;
  10.4774;
   9.3116;
   9.7555;
   8.5414;
   7.5238;
   6.5185;
   9.4703;
   5.7175;
  11.5126;
  10.1101;
  10.1406;
  10.6970;
  10.7047;
  11.7503;
  10.5325;
   9.3954;
   8.8137;
  10.6398;
   8.2405;
   8.2309;
   9.9726;
   7.1981;
   6.5665;
   4.9051;
  10.4196;
   8.1973;
  10.6005;
  10.9395;
   9.3963;
   8.3115;
   9.6501;
   8.5778;
   9.6814;
  10.1721;
   9.2326;
   9.5649;
  10.7353;
   7.4592;
  11.5643;
  10.8623;
   9.9803;
   6.9945;
   9.0812;
   8.4246;
  10.0197;
  10.1812;
   9.0003;
  10.5796;
  10.1434;
  11.3504;
  10.9325;
   9.4030;
   5.5217;
  11.7562;
  10.9336;
  11.2142;
  12.0805;
  11.9584;
  11.0673;
  10.3527;
  11.4878;
   8.1780;
  10.8334;
   6.9042;
  10.4251;
   8.7753;
  12.0026;
  10.6610;
  11.4068;
  10.9659;
   9.3941;
   7.9085;
   9.1394;
  10.1860;
   7.0468;
  10.9680;
  10.7605;
  10.8276;
   9.3023;
   9.8870;
   9.6472;
  10.6275;
   9.7151;
  10.8723;
  11.2226;
  10.6178;
  10.9352;
   9.6124;
   7.8569;
   7.8344;
  12.4589;
  11.2906;
  12.2155;
  13.4208;
  11.8231;
  12.2465;
  11.5611;
   9.7592;
  11.2832;
   8.6605;
  12.3986;
  10.0774;
   7.8556;
   7.8015;
  10.3833;
