   2.8361;
  11.8672;
  15.1071;
  13.6391;
  13.2463;
  13.4283;
  14.2044;
  14.0061;
  14.7460;
  14.3301;
  10.5364;
  13.3067;
  12.2047;
  12.9306;
  13.7431;
  13.0253;
  13.6427;
  13.3404;
  12.3253;
  12.4345;
  12.3500;
  11.0424;
   7.8607;
   8.5841;
   9.7696;
  11.7146;
  11.5527;
   8.4869;
   8.4134;
   8.9473;
   8.1093;
   9.4022;
   8.6248;
   9.0063;
  10.7338;
   9.5381;
   8.8523;
  10.3567;
  10.9409;
   7.9512;
   9.7488;
   9.9303;
  10.1651;
   9.5714;
  12.0921;
  10.1057;
  10.6668;
  12.7424;
   6.6097;
   9.5942;
   9.5166;
  10.4005;
   8.0806;
  10.8967;
  11.1451;
   8.1943;
  10.2063;
  10.3620;
  10.9519;
   9.9445;
  10.6836;
   9.3563;
   8.1879;
  12.2218;
   9.6983;
   9.1424;
   8.1744;
   8.8742;
  11.8047;
   6.8567;
  10.7178;
   9.9354;
   4.6979;
   9.2481;
  10.0031;
  10.6742;
   8.3722;
   7.0663;
   6.3403;
   9.8593;
  10.5249;
   8.1448;
  10.5844;
   7.6482;
   9.7359;
   8.5058;
   7.7015;
   7.7054;
   6.6812;
  10.1309;
   9.8031;
   5.8688;
  10.3627;
   9.9320;
  11.0185;
   9.8310;
   9.5879;
  10.1892;
  10.1041;
   9.7194;
   8.6836;
  11.1416;
   9.1509;
   9.2826;
   7.6530;
   8.8663;
   7.0695;
   8.2041;
   8.3641;
   7.0180;
   9.9862;
  10.3975;
   9.9840;
  12.5395;
   7.2992;
   8.7086;
   8.4538;
  10.0346;
   8.5350;
   9.4255;
  11.5239;
  10.1604;
   8.8513;
   9.8811;
   9.5186;
  10.0172;
  10.4339;
  10.3440;
  11.7122;
   7.6274;
  10.6545;
  10.6153;
   8.8286;
  10.9205;
   8.8694;
   9.3162;
   7.7640;
  11.2542;
1000000.0000;
   8.7942;
  10.4744;
  12.1183;
  10.5030;
  10.0034;
   9.3302;
   9.1191;
  10.2587;
  10.8542;
  10.3817;
   9.7787;
   7.9498;
   9.8081;
   9.8816;
  10.5372;
   9.5668;
   9.5925;
   8.3223;
   6.1921;
  10.4689;
  11.5874;
   8.3814;
   9.1743;
   8.4450;
   8.5699;
   8.1067;
  10.3718;
  10.4374;
  12.0386;
   8.5865;
   9.2246;
  11.5695;
  10.0297;
   9.1472;
   9.4133;
  11.9210;
   6.6891;
  11.6923;
  10.2674;
   8.9123;
   9.8464;
   9.6059;
   6.8699;
  11.0588;
  10.1672;
  10.1962;
   8.7240;
  10.6898;
   9.3925;
   9.2036;
