  11.8785;
  12.9713;
  15.4538;
  13.7690;
  15.8457;
  12.2777;
  13.7734;
  13.6956;
  13.1226;
  15.6774;
  11.4595;
  13.9048;
  12.3351;
  12.6021;
  14.7479;
  12.0336;
  13.5346;
  14.5942;
  11.7474;
  11.7452;
  13.0362;
  10.5049;
  12.5232;
  11.7810;
   9.8133;
   7.5634;
   8.8551;
   9.8603;
  11.5768;
   8.8563;
  10.1618;
  11.4466;
   8.2226;
  10.5527;
  11.4960;
   9.1305;
  11.0941;
   8.7253;
  11.3666;
   8.6559;
   8.7055;
   8.8523;
   7.7927;
  10.1714;
  11.8353;
  12.0147;
   6.5798;
   8.9111;
  10.2649;
  10.5360;
  11.3794;
  12.1597;
  11.5620;
  12.6567;
   8.9363;
  11.2676;
  11.3153;
   9.1675;
  12.0414;
  11.8956;
  11.4987;
  12.2544;
   8.0370;
  10.9782;
   5.4348;
   9.4983;
   9.0777;
   9.6587;
  11.5073;
   7.8916;
  11.2124;
  11.5844;
   8.0964;
  11.4161;
  11.2076;
  10.7845;
   9.4614;
   5.2972;
   5.3381;
  10.5731;
  10.5186;
  10.9093;
   9.2530;
  10.8718;
  10.6640;
  10.6589;
   9.5938;
  10.3783;
   8.7447;
  11.1416;
   6.5096;
   5.2962;
  11.9308;
  10.8977;
  10.5276;
  11.4463;
  12.2583;
   8.5973;
   8.4033;
   6.3676;
   5.1274;
  12.1950;
  10.5032;
   8.6188;
  10.5196;
   7.4488;
   5.9808;
   5.3494;
   9.9355;
  10.0173;
   8.0325;
   9.2384;
   9.2342;
  13.8322;
   6.9952;
  10.6763;
   9.5899;
  10.0689;
  10.4804;
  10.6559;
  11.4638;
   9.0895;
   8.7842;
   9.4663;
  10.3398;
   6.2633;
  10.7469;
  10.2773;
   7.6897;
   9.4462;
   9.0644;
   8.6151;
  11.1128;
  10.3384;
   8.7352;
   9.8614;
   8.6574;
   9.6801;
  12.2965;
  10.6188;
  12.0879;
  12.3170;
  11.2630;
  10.9119;
  10.1378;
  10.9843;
  11.3647;
  10.6381;
  11.0352;
  11.3718;
  11.5575;
   7.4477;
   7.8078;
  10.3499;
   9.0627;
   8.6147;
   7.4674;
   9.7596;
   9.5034;
  12.2784;
   8.8096;
   9.9728;
   4.7012;
   7.3914;
  10.5568;
   9.8265;
  10.9684;
  11.7322;
   6.1020;
   8.9174;
  12.1874;
  10.5959;
   9.0124;
  10.3066;
   9.5388;
   9.4044;
   8.2706;
  10.5605;
  10.6500;
   6.6802;
  11.3817;
  10.6671;
   8.8037;
   7.5756;
  12.0285;
  10.7465;
  11.7768;
  10.7344;
  11.1986;
