  13.2432;
  13.6414;
  13.7742;
  13.6990;
  15.8237;
  15.0196;
  13.0145;
  11.7196;
  14.3327;
  14.8501;
  13.6782;
  10.3327;
  14.3510;
  13.6594;
  14.9241;
  13.6871;
  13.3647;
  12.4374;
  13.9858;
  11.6201;
  13.4241;
  12.1383;
  10.7972;
   9.5606;
  10.4022;
  11.3622;
  10.0342;
  11.4534;
   9.5351;
   5.5115;
   9.5435;
   8.9384;
   9.3772;
  11.4732;
  10.5603;
  10.7845;
   9.4263;
  11.9056;
  11.5197;
   8.4183;
  10.3801;
   7.5981;
  10.5605;
  11.2651;
  10.7738;
  10.6967;
   8.4348;
  11.3672;
  10.6633;
  10.2066;
  11.6548;
  12.2416;
  10.4850;
   6.6335;
  10.5587;
  10.0467;
  10.6531;
   8.2077;
  10.1763;
  10.1593;
   9.6103;
  12.4760;
  10.1880;
  12.4987;
   9.8343;
   8.2534;
  11.9599;
  10.2665;
   8.2696;
   8.5698;
  11.0385;
   7.9842;
   6.5275;
   8.9705;
  10.1372;
  10.8434;
   8.6933;
   5.2193;
   4.9995;
   9.3175;
  10.8013;
  10.7939;
   8.8216;
   7.4411;
   8.6482;
  10.5479;
  10.0944;
  10.1209;
   7.3671;
  10.6303;
   8.5819;
   5.4851;
  10.6155;
   9.8256;
  10.9448;
  10.3523;
   6.9901;
   9.6566;
   9.8243;
   8.8566;
   6.1263;
  12.0864;
   9.1357;
   9.6928;
  11.1687;
   9.2709;
   5.6950;
   5.4895;
   9.1293;
   9.4622;
  11.3134;
   8.8188;
   8.6152;
  11.6209;
   5.9460;
   9.9504;
  10.1128;
   7.4574;
  10.5898;
   9.4799;
  10.2605;
   8.9974;
   8.5631;
  10.6777;
  10.4705;
  10.6661;
   9.6706;
  10.1464;
   7.2124;
   8.4053;
   9.1261;
   8.0093;
   9.6619;
  11.4051;
  10.9644;
  10.0104;
   7.6651;
   9.4584;
  11.0882;
   8.7538;
   9.4564;
  10.5033;
  11.4931;
   8.9116;
  11.9975;
  11.5803;
   9.9142;
   9.2894;
  11.2997;
  10.8892;
   8.5057;
  10.2914;
  11.8109;
  10.4514;
   6.8658;
  12.3795;
   9.6000;
   9.5122;
   8.7909;
  10.6573;
  11.1629;
   8.7351;
   9.1081;
  11.9666;
  10.1319;
  10.9744;
   9.2406;
  10.7132;
   9.8327;
   8.0123;
   9.5314;
   8.5654;
   9.1095;
   7.9812;
  10.1711;
  10.6764;
  12.1382;
  13.0076;
  11.5378;
  10.7101;
  10.6600;
   7.2166;
  11.0753;
   8.2777;
   9.9184;
   9.2293;
  11.5624;
   7.9108;
  11.1864;
