  12.8991;
  15.2149;
  14.0797;
  14.4608;
   9.8460;
  13.1062;
  12.4286;
  13.1853;
  15.9595;
  15.0422;
  13.4634;
  13.8070;
  14.5206;
  14.3742;
  13.2536;
  12.8549;
  12.4172;
   9.9140;
   8.9165;
  11.0253;
  11.4273;
   9.7820;
  10.1678;
  11.3849;
   9.0375;
  10.5424;
  10.0911;
   9.0742;
   8.7179;
   9.1206;
   9.4713;
   9.3558;
   9.3261;
   7.2145;
   9.9765;
  10.7591;
   9.1933;
  12.3387;
   7.7213;
   8.6984;
   9.3315;
  10.5365;
  11.1331;
  10.9494;
  12.1253;
  10.9239;
   8.9842;
   9.8191;
   8.3612;
  10.4917;
  10.6771;
   8.4321;
  10.4549;
   8.5852;
  10.7495;
   9.3312;
  10.5719;
   8.6139;
  10.9241;
  10.7616;
  10.9243;
  12.1466;
   7.6954;
  11.1522;
   9.3988;
   9.3113;
   9.9223;
  10.3435;
   9.8328;
  10.0309;
   9.7804;
  10.2230;
   6.2954;
   7.6091;
   8.5943;
  10.1691;
  10.3605;
   7.1501;
   8.0541;
   9.6066;
  11.1339;
  10.6054;
   9.9774;
  10.5423;
  11.6302;
  11.1281;
   9.6981;
  10.4491;
   8.2704;
   7.4939;
   8.9557;
   9.6041;
  10.3623;
   8.5542;
   8.7673;
   8.9662;
   9.1139;
  11.1075;
  10.2992;
  10.1042;
   6.5303;
  11.0173;
   8.7632;
   9.6243;
  10.8654;
   9.4428;
   7.5000;
   7.6100;
   9.2950;
  10.0393;
   6.3459;
   9.3014;
   9.6061;
  12.8189;
   9.1221;
   8.7511;
   8.6506;
   8.8165;
   7.8583;
   9.5850;
  11.9632;
   7.0513;
  10.4355;
  10.7622;
   9.6530;
   9.9844;
  10.5076;
  10.0196;
   7.0673;
   8.8252;
   8.9754;
   7.1801;
   9.4426;
  10.4982;
  11.0579;
   8.4965;
   6.6375;
  10.6884;
  10.8276;
   8.8270;
  11.9605;
  10.2046;
  10.9081;
  10.0434;
  11.4490;
  10.0234;
  11.5686;
   8.8503;
  11.3249;
   9.6252;
  10.9032;
   7.5269;
   9.9066;
  10.6604;
   9.2855;
  12.5130;
   8.9134;
   9.8554;
   9.8338;
  10.2677;
  10.7302;
   8.7406;
   8.5729;
  11.9637;
  10.2653;
   9.4531;
   8.8069;
   9.7812;
   9.6174;
  10.6267;
  11.3369;
   8.0686;
   9.4231;
   7.5721;
  11.1930;
  10.9656;
  10.5172;
  10.9563;
   9.7891;
  10.1152;
   8.7982;
   9.5624;
  11.4977;
  11.6891;
  11.0442;
  10.0036;
  11.7063;
   7.6528;
   6.3927;
