  12.0807;
  14.0045;
  15.0135;
  14.1663;
  16.2804;
  13.1595;
  14.4307;
  14.6328;
  15.0351;
  15.7634;
   9.9663;
  12.7939;
  15.0625;
  12.8869;
  13.6109;
  10.1755;
  14.2763;
  14.7666;
  10.3663;
   9.9357;
  11.5721;
   9.8247;
  12.9682;
   9.7025;
  11.3004;
  11.6233;
  10.9891;
  10.4193;
  10.4060;
   8.6744;
   8.9664;
  10.3201;
   9.1412;
   8.5346;
   7.8553;
  11.2036;
  10.5332;
  11.7667;
  10.8289;
   9.5412;
  10.8841;
   8.3520;
  10.7323;
  11.7398;
   9.9961;
   8.2232;
  11.3842;
  13.3178;
  10.4172;
  11.6318;
  11.8482;
  11.9562;
  11.2214;
  12.0437;
  10.3922;
  10.6923;
   6.9263;
  11.1321;
  10.1644;
  11.7931;
  11.4115;
  11.9976;
   9.6666;
  11.9402;
   9.5006;
   6.1498;
   7.9868;
  10.0092;
  12.2254;
   8.2294;
  10.4117;
  10.3691;
   3.1857;
  10.6814;
   9.7622;
   9.2021;
   8.9005;
   7.8858;
   7.9683;
   7.1882;
   9.9668;
   6.5314;
  10.4021;
  10.0186;
  10.4010;
   8.9956;
   7.7358;
  10.1305;
   6.5615;
  10.6260;
   9.0292;
   5.8031;
  11.2651;
  10.2071;
  10.4641;
  11.1928;
   9.3012;
  11.4507;
   7.8491;
  10.7079;
   7.2673;
  10.7906;
  10.6848;
  10.7743;
   8.3658;
   9.5456;
   6.0177;
   9.0366;
   9.6003;
  10.7556;
   6.3346;
   8.2734;
  10.1571;
  13.2663;
   7.4700;
  10.4502;
   7.3691;
   7.7121;
   7.1372;
  11.6314;
  11.2172;
   9.6262;
  12.0444;
  10.9973;
  10.1128;
  10.3908;
  11.2014;
   8.9612;
   8.7381;
   8.6661;
  11.0191;
  10.2353;
   8.7315;
  12.8113;
   9.3975;
   9.8469;
   8.8555;
  12.6957;
  10.1240;
   8.9614;
  11.5855;
   9.4305;
  11.9788;
   9.7666;
  11.4185;
  11.3912;
  10.7444;
  10.7509;
  12.0944;
  10.5149;
  11.6940;
  11.5272;
  11.2483;
   9.6314;
   8.5656;
  11.9051;
   7.4352;
  10.7118;
  11.5905;
   8.8187;
   9.6798;
   9.0002;
  10.2408;
  11.8204;
   7.2885;
  11.0385;
   9.2423;
  12.5922;
   7.9564;
  10.1915;
  12.0603;
  10.8778;
  10.7333;
  10.1368;
  12.3367;
  11.1511;
  11.2677;
  12.1244;
   7.1811;
   8.9283;
  10.6831;
   9.1714;
   8.4705;
   9.0566;
  11.9864;
   9.9496;
   8.8815;
  10.6946;
  10.3314;
