   0.1172;
   0.1197;
   0.1258;
   0.0998;
   0.1158;
   0.1095;
   0.1127;
   0.1131;
   0.1018;
   0.1075;
   0.0998;
   0.1070;
   0.1106;
   0.1053;
   0.1021;
   0.0897;
   0.1069;
   0.1071;
  -0.0208;
   0.1020;
   0.1103;
  -0.0210;
   0.1060;
  -0.0188;
  -0.0212;
  -0.0223;
  -0.0210;
  -0.0203;
  -0.0197;
  -0.0200;
  -0.0196;
  -0.0195;
  -0.0211;
  -0.0198;
  -0.0184;
  -0.0194;
  -0.0196;
  -0.0204;
  -0.0193;
  -0.0200;
  -0.0189;
  -0.0194;
  -0.0227;
  -0.0193;
  -0.0193;
  -0.0185;
  -0.0228;
  -0.0203;
  -0.0188;
  -0.0197;
  -0.0187;
  -0.0187;
  -0.0170;
  -0.0183;
  -0.0186;
  -0.0184;
  -0.0181;
  -0.0184;
  -0.0177;
  -0.0178;
  -0.0178;
  -0.0182;
  -0.0183;
  -0.0181;
  -0.0249;
  -0.0177;
  -0.0193;
  -0.0213;
  -0.0175;
  -0.0195;
  -0.0173;
  -0.0173;
  -0.0170;
  -0.0176;
  -0.0183;
  -0.0178;
  -0.0184;
  -0.0223;
  -0.0224;
  -0.0170;
  -0.0169;
  -0.0169;
  -0.0168;
  -0.0164;
  -0.0169;
  -0.0168;
  -0.0167;
  -0.0168;
  -0.0165;
  -0.0159;
  -0.0194;
  -0.0236;
  -0.0159;
  -0.0158;
  -0.0158;
  -0.0156;
  -0.0164;
  -0.0162;
  -0.0170;
  -0.0182;
  -0.0172;
  -0.0153;
  -0.0158;
  -0.0164;
  -0.0159;
  -0.0164;
  -0.0227;
  -0.0228;
  -0.0161;
  -0.0166;
  -0.0156;
  -0.0159;
  -0.0151;
  -0.0150;
  -0.0153;
  -0.0155;
  -0.0147;
  -0.0147;
  -0.0146;
  -0.0151;
  -0.0149;
  -0.0141;
  -0.0157;
  -0.0155;
  -0.0143;
  -0.0171;
  -0.0147;
  -0.0144;
  -0.0143;
  -0.0140;
  -0.0143;
  -0.0155;
  -0.0133;
  -0.0138;
  -0.0141;
  -0.0140;
  -0.0143;
  -0.0140;
  -0.0130;
  -0.0127;
  -0.0137;
  -0.0128;
  -0.0132;
  -0.0140;
  -0.0128;
  -0.0132;
  -0.0122;
  -0.0125;
  -0.0128;
  -0.0113;
  -0.0122;
  -0.0145;
  -0.0152;
  -0.0123;
  -0.0138;
  -0.0170;
  -0.0133;
  -0.0122;
  -0.0128;
  -0.0114;
  -0.0128;
  -0.0119;
  -0.0124;
  -0.0149;
  -0.0114;
  -0.0120;
  -0.0110;
  -0.0121;
  -0.0152;
  -0.0118;
  -0.0114;
  -0.0111;
  -0.0115;
  -0.0107;
  -0.0126;
  -0.0119;
  -0.0172;
  -0.0121;
  -0.0111;
  -0.0136;
  -0.0105;
  -0.0116;
  -0.0119;
  -0.0110;
  -0.0107;
  -0.0097;
  -0.0109;
  -0.0096;
  -0.0099;
