   0.1180;
   0.1213;
   0.1135;
   0.1085;
   0.1041;
   0.1178;
   0.0979;
   0.0985;
   0.1181;
   0.0973;
   0.1058;
   0.1128;
   0.1096;
   0.1090;
   0.1015;
   0.1044;
   0.1103;
  -0.0206;
   0.0537;
   0.1037;
   0.1071;
  -0.0207;
  -0.0211;
  -0.0204;
  -0.0212;
  -0.0202;
  -0.0202;
  -0.0201;
  -0.0205;
  -0.0196;
  -0.0202;
  -0.0218;
  -0.0196;
  -0.0205;
  -0.0201;
  -0.0192;
  -0.0177;
  -0.0197;
  -0.0213;
  -0.0199;
  -0.0198;
  -0.0190;
  -0.0194;
  -0.0188;
  -0.0187;
  -0.0187;
  -0.0192;
  -0.0192;
  -0.0204;
  -0.0192;
  -0.0183;
  -0.0206;
  -0.0186;
  -0.0218;
  -0.0181;
  -0.0187;
  -0.0192;
  -0.0202;
  -0.0181;
  -0.0182;
  -0.0207;
  -0.0180;
  -0.0190;
  -0.0179;
  -0.0177;
  -0.0182;
  -0.0176;
  -0.0183;
  -0.0211;
  -0.0184;
  -0.0192;
  -0.0171;
  -0.0184;
  -0.0220;
  -0.0187;
  -0.0174;
  -0.0171;
  -0.0172;
  -0.0177;
  -0.0179;
  -0.0159;
  -0.0171;
  -0.0168;
  -0.0168;
  -0.0166;
  -0.0167;
  -0.0165;
  -0.0168;
  -0.0183;
  -0.0184;
  -0.0162;
  -0.0158;
  -0.0167;
  -0.0164;
  -0.0194;
  -0.0163;
  -0.0163;
  -0.0156;
  -0.0166;
  -0.0158;
  -0.0168;
  -0.0153;
  -0.0160;
  -0.0163;
  -0.0152;
  -0.0157;
  -0.0163;
  -0.0160;
  -0.0165;
  -0.0170;
  -0.0179;
  -0.0153;
  -0.0154;
  -0.0155;
  -0.0154;
  -0.0155;
  -0.0151;
  -0.0152;
  -0.0180;
  -0.0148;
  -0.0148;
  -0.0157;
  -0.0143;
  -0.0149;
  -0.0147;
  -0.0147;
  -0.0141;
  -0.0144;
  -0.0160;
  -0.0140;
  -0.0150;
  -0.0165;
  -0.0133;
  -0.0150;
  -0.0130;
  -0.0139;
  -0.0163;
  -0.0146;
  -0.0138;
  -0.0135;
  -0.0127;
  -0.0144;
  -0.0136;
  -0.0135;
  -0.0124;
  -0.0133;
  -0.0126;
  -0.0128;
  -0.0119;
  -0.0124;
  -0.0123;
  -0.0145;
  -0.0130;
  -0.0123;
  -0.0121;
  -0.0131;
  -0.0125;
  -0.0125;
  -0.0119;
  -0.0123;
  -0.0118;
  -0.0129;
  -0.0124;
  -0.0115;
  -0.0123;
  -0.0124;
  -0.0110;
  -0.0121;
  -0.0122;
  -0.0112;
  -0.0111;
  -0.0136;
  -0.0109;
  -0.0110;
  -0.0122;
  -0.0113;
  -0.0111;
  -0.0111;
  -0.0106;
  -0.0114;
  -0.0107;
  -0.0113;
  -0.0110;
  -0.0099;
  -0.0108;
  -0.0098;
  -0.0101;
  -0.0130;
  -0.0149;
