   0.1156;
   0.1161;
   0.1063;
   0.1009;
   0.0908;
   0.1097;
   0.1127;
   0.1132;
   0.1108;
   0.1070;
   0.1154;
   0.1004;
   0.1000;
   0.0997;
   0.1116;
   0.1085;
   0.1104;
   0.1045;
   0.0823;
   0.1050;
   0.1077;
   0.1040;
   0.0857;
  -0.0222;
  -0.0225;
  -0.0218;
  -0.0204;
  -0.0219;
  -0.0197;
  -0.0196;
  -0.0207;
  -0.0195;
  -0.0196;
  -0.0195;
  -0.0192;
  -0.0196;
  -0.0202;
  -0.0192;
  -0.0192;
  -0.0216;
  -0.0204;
  -0.0200;
  -0.0197;
  -0.0189;
  -0.0193;
  -0.0196;
  -0.0186;
  -0.0188;
  -0.0208;
  -0.0193;
  -0.0186;
  -0.0184;
  -0.0188;
  -0.0194;
  -0.0190;
  -0.0184;
  -0.0184;
  -0.0187;
  -0.0182;
  -0.0180;
  -0.0179;
  -0.0181;
  -0.0208;
  -0.0179;
  -0.0164;
  -0.0178;
  -0.0166;
  -0.0176;
  -0.0162;
  -0.0178;
  -0.0175;
  -0.0171;
  -0.0215;
  -0.0200;
  -0.0170;
  -0.0201;
  -0.0182;
  -0.0175;
  -0.0225;
  -0.0188;
  -0.0175;
  -0.0174;
  -0.0176;
  -0.0183;
  -0.0174;
  -0.0176;
  -0.0195;
  -0.0176;
  -0.0167;
  -0.0161;
  -0.0164;
  -0.0173;
  -0.0159;
  -0.0162;
  -0.0156;
  -0.0168;
  -0.0147;
  -0.0157;
  -0.0158;
  -0.0152;
  -0.0164;
  -0.0158;
  -0.0158;
  -0.0159;
  -0.0160;
  -0.0162;
  -0.0161;
  -0.0187;
  -0.0164;
  -0.0154;
  -0.0170;
  -0.0156;
  -0.0157;
  -0.0150;
  -0.0148;
  -0.0154;
  -0.0155;
  -0.0151;
  -0.0151;
  -0.0153;
  -0.0163;
  -0.0148;
  -0.0147;
  -0.0144;
  -0.0146;
  -0.0142;
  -0.0182;
  -0.0144;
  -0.0146;
  -0.0156;
  -0.0142;
-100.0000;
  -0.0139;
  -0.0131;
  -0.0142;
  -0.0142;
  -0.0171;
  -0.0155;
  -0.0164;
  -0.0143;
  -0.0146;
  -0.0128;
  -0.0128;
  -0.0141;
  -0.0140;
  -0.0126;
  -0.0126;
  -0.0124;
  -0.0132;
  -0.0125;
  -0.0127;
  -0.0123;
  -0.0132;
  -0.0123;
  -0.0145;
  -0.0129;
  -0.0119;
  -0.0144;
  -0.0118;
  -0.0118;
  -0.0110;
  -0.0118;
  -0.0125;
  -0.0111;
  -0.0121;
  -0.0115;
  -0.0115;
  -0.0108;
  -0.0117;
  -0.0123;
  -0.0106;
  -0.0132;
  -0.0107;
  -0.0115;
  -0.0108;
  -0.0117;
  -0.0114;
  -0.0106;
  -0.0130;
  -0.0106;
  -0.0104;
  -0.0112;
  -0.0112;
  -0.0113;
  -0.0108;
  -0.0110;
  -0.0101;
  -0.0101;
  -0.0099;
