   0.0944;
   0.1170;
   0.1077;
   0.1285;
   0.1068;
   0.1130;
   0.1222;
   0.0844;
   0.1176;
   0.1106;
   0.1139;
   0.1114;
   0.1094;
   0.1115;
   0.1052;
   0.1030;
   0.0986;
   0.1066;
  -0.0205;
   0.1100;
   0.1042;
   0.1062;
   0.1047;
  -0.0211;
  -0.0199;
  -0.0206;
   0.1050;
  -0.0201;
   0.0939;
  -0.0199;
  -0.0196;
  -0.0207;
  -0.0193;
  -0.0201;
  -0.0203;
  -0.0201;
  -0.0195;
  -0.0192;
  -0.0189;
  -0.0215;
  -0.0200;
  -0.0199;
  -0.0183;
  -0.0187;
  -0.0210;
  -0.0186;
  -0.0216;
  -0.0192;
  -0.0189;
  -0.0186;
  -0.0233;
  -0.0185;
  -0.0192;
  -0.0187;
  -0.0191;
  -0.0180;
  -0.0199;
  -0.0188;
  -0.0184;
  -0.0183;
  -0.0183;
  -0.0182;
  -0.0189;
  -0.0178;
  -0.0181;
  -0.0182;
  -0.0188;
  -0.0176;
  -0.0178;
  -0.0200;
  -0.0182;
  -0.0171;
  -0.0192;
  -0.0180;
  -0.0174;
  -0.0170;
  -0.0175;
  -0.0178;
  -0.0188;
  -0.0174;
  -0.0172;
  -0.0166;
  -0.0190;
  -0.0164;
  -0.0168;
  -0.0182;
  -0.0167;
  -0.0181;
  -0.0170;
  -0.0178;
  -0.0160;
  -0.0236;
  -0.0158;
  -0.0158;
  -0.0158;
  -0.0158;
  -0.0162;
  -0.0162;
  -0.0164;
  -0.0162;
  -0.0166;
  -0.0167;
  -0.0159;
  -0.0166;
  -0.0154;
  -0.0165;
  -0.0171;
  -0.0228;
  -0.0154;
  -0.0170;
  -0.0153;
  -0.0153;
  -0.0153;
  -0.0186;
  -0.0151;
  -0.0157;
  -0.0151;
  -0.0151;
  -0.0153;
  -0.0151;
  -0.0146;
  -0.0152;
  -0.0142;
  -0.0149;
  -0.0149;
  -0.0161;
  -0.0150;
  -0.0159;
  -0.0169;
  -0.0147;
  -0.0150;
  -0.0145;
  -0.0146;
  -0.0140;
  -0.0143;
  -0.0143;
  -0.0163;
  -0.0141;
  -0.0137;
  -0.0135;
  -0.0133;
  -0.0134;
  -0.0139;
  -0.0137;
  -0.0131;
  -0.0148;
  -0.0125;
  -0.0153;
  -0.0125;
  -0.0148;
  -0.0127;
  -0.0123;
  -0.0124;
  -0.0121;
  -0.0124;
  -0.0186;
  -0.0120;
  -0.0115;
  -0.0143;
  -0.0118;
  -0.0116;
  -0.0121;
  -0.0120;
  -0.0126;
  -0.0119;
  -0.0109;
  -0.0113;
  -0.0120;
  -0.0110;
  -0.0113;
  -0.0122;
  -0.0114;
  -0.0118;
  -0.0116;
  -0.0104;
  -0.0112;
  -0.0108;
  -0.0109;
  -0.0106;
  -0.0112;
  -0.0111;
  -0.0123;
  -0.0101;
  -0.0113;
  -0.0101;
  -0.0107;
  -0.0125;
  -0.0125;
  -0.0105;
