   0.1136;
   0.0989;
   0.1132;
   0.1153;
   0.1268;
   0.1185;
   0.1056;
   0.0775;
   0.1147;
   0.1123;
   0.0948;
   0.1050;
   0.1136;
   0.0941;
   0.1008;
   0.0787;
   0.1058;
   0.0948;
  -0.0207;
   0.0985;
   0.0834;
  -0.0205;
   0.1058;
  -0.0211;
  -0.0196;
  -0.0203;
  -0.0202;
  -0.0197;
  -0.0195;
  -0.0200;
  -0.0198;
  -0.0216;
  -0.0202;
  -0.0209;
  -0.0200;
  -0.0198;
  -0.0215;
  -0.0200;
  -0.0205;
  -0.0190;
  -0.0194;
  -0.0201;
  -0.0197;
  -0.0195;
  -0.0193;
  -0.0185;
  -0.0222;
  -0.0190;
  -0.0196;
  -0.0188;
  -0.0183;
  -0.0197;
  -0.0185;
  -0.0183;
  -0.0184;
  -0.0186;
  -0.0181;
  -0.0194;
  -0.0181;
  -0.0181;
  -0.0224;
  -0.0182;
  -0.0187;
  -0.0198;
  -0.0184;
  -0.0178;
  -0.0174;
  -0.0179;
  -0.0165;
  -0.0202;
  -0.0174;
  -0.0178;
  -0.0215;
  -0.0188;
  -0.0170;
  -0.0172;
  -0.0178;
  -0.0185;
  -0.0178;
  -0.0177;
  -0.0177;
  -0.0168;
  -0.0165;
  -0.0180;
  -0.0176;
  -0.0167;
  -0.0178;
  -0.0151;
  -0.0181;
  -0.0161;
  -0.0164;
  -0.0162;
  -0.0170;
  -0.0158;
  -0.0156;
  -0.0175;
  -0.0165;
  -0.0167;
  -0.0162;
  -0.0154;
  -0.0158;
  -0.0153;
  -0.0156;
  -0.0166;
  -0.0161;
  -0.0160;
  -0.0227;
  -0.0228;
  -0.0179;
  -0.0154;
  -0.0159;
  -0.0156;
  -0.0167;
  -0.0145;
  -0.0151;
  -0.0152;
  -0.0153;
  -0.0148;
  -0.0151;
  -0.0146;
  -0.0153;
  -0.0151;
  -0.0149;
  -0.0143;
  -0.0143;
  -0.0145;
  -0.0152;
  -0.0147;
  -0.0146;
  -0.0142;
  -0.0142;
  -0.0134;
  -0.0137;
  -0.0146;
  -0.0137;
  -0.0138;
  -0.0147;
  -0.0140;
  -0.0139;
  -0.0137;
  -0.0121;
  -0.0129;
  -0.0147;
  -0.0134;
  -0.0123;
  -0.0126;
  -0.0137;
  -0.0128;
  -0.0126;
  -0.0126;
  -0.0131;
  -0.0123;
  -0.0122;
  -0.0125;
  -0.0125;
  -0.0123;
  -0.0119;
  -0.0121;
  -0.0118;
  -0.0115;
  -0.0135;
  -0.0109;
  -0.0124;
  -0.0109;
  -0.0115;
  -0.0135;
  -0.0109;
  -0.0126;
  -0.0123;
  -0.0112;
  -0.0119;
  -0.0110;
  -0.0142;
  -0.0109;
  -0.0138;
  -0.0177;
  -0.0105;
  -0.0111;
  -0.0108;
  -0.0106;
  -0.0110;
  -0.0114;
  -0.0110;
  -0.0098;
  -0.0108;
  -0.0100;
  -0.0110;
  -0.0104;
  -0.0122;
