   0.1078;
   0.1024;
   0.1162;
   0.1221;
   0.1163;
   0.1163;
   0.1160;
   0.0848;
   0.1134;
   0.1095;
   0.1026;
   0.0844;
   0.0961;
   0.1093;
   0.1118;
   0.1055;
   0.0889;
   0.1052;
   0.0552;
   0.1012;
   0.1053;
   0.0648;
   0.0974;
  -0.0212;
  -0.0207;
   0.0915;
  -0.0198;
  -0.0202;
   0.1004;
  -0.0202;
  -0.0209;
  -0.0200;
  -0.0198;
  -0.0194;
  -0.0211;
  -0.0197;
  -0.0197;
  -0.0205;
  -0.0195;
  -0.0197;
  -0.0189;
  -0.0190;
  -0.0190;
  -0.0188;
  -0.0191;
  -0.0202;
  -0.0192;
  -0.0187;
  -0.0188;
  -0.0186;
  -0.0188;
  -0.0183;
  -0.0189;
  -0.0183;
  -0.0185;
  -0.0196;
  -0.0180;
  -0.0180;
  -0.0170;
  -0.0197;
  -0.0182;
  -0.0194;
  -0.0206;
  -0.0184;
  -0.0175;
  -0.0179;
  -0.0178;
  -0.0192;
  -0.0171;
  -0.0181;
  -0.0192;
  -0.0171;
  -0.0215;
  -0.0184;
  -0.0197;
  -0.0184;
  -0.0174;
  -0.0184;
  -0.0171;
  -0.0170;
  -0.0177;
  -0.0171;
  -0.0175;
  -0.0176;
  -0.0185;
  -0.0174;
  -0.0170;
  -0.0206;
  -0.0192;
  -0.0166;
  -0.0181;
  -0.0158;
  -0.0159;
  -0.0187;
  -0.0158;
  -0.0158;
  -0.0161;
  -0.0161;
  -0.0162;
  -0.0160;
  -0.0147;
  -0.0152;
  -0.0165;
  -0.0154;
  -0.0143;
  -0.0154;
  -0.0158;
  -0.0160;
  -0.0148;
  -0.0151;
  -0.0156;
  -0.0157;
  -0.0164;
  -0.0150;
  -0.0152;
  -0.0155;
  -0.0183;
  -0.0156;
  -0.0152;
  -0.0151;
  -0.0155;
  -0.0148;
  -0.0153;
  -0.0143;
  -0.0145;
  -0.0147;
  -0.0166;
  -0.0135;
  -0.0160;
  -0.0153;
  -0.0153;
  -0.0150;
  -0.0135;
  -0.0133;
  -0.0129;
  -0.0142;
  -0.0171;
  -0.0164;
  -0.0141;
  -0.0134;
  -0.0142;
  -0.0120;
  -0.0128;
  -0.0144;
  -0.0143;
  -0.0125;
  -0.0126;
  -0.0136;
  -0.0140;
  -0.0145;
  -0.0127;
  -0.0127;
  -0.0124;
  -0.0121;
  -0.0144;
  -0.0127;
  -0.0119;
  -0.0119;
  -0.0126;
  -0.0117;
  -0.0154;
  -0.0134;
  -0.0121;
  -0.0146;
  -0.0153;
  -0.0112;
  -0.0119;
  -0.0110;
  -0.0117;
  -0.0113;
  -0.0118;
  -0.0112;
  -0.0118;
  -0.0110;
  -0.0116;
  -0.0150;
  -0.0118;
  -0.0108;
  -0.0108;
  -0.0108;
  -0.0109;
  -0.0108;
  -0.0107;
  -0.0115;
  -0.0113;
  -0.0107;
  -0.0104;
  -0.0122;
  -0.0146;
