   0.1189;
   0.0930;
   0.1188;
   0.1170;
   0.1159;
   0.1005;
   0.1140;
   0.1168;
   0.1125;
   0.1254;
   0.1117;
   0.0956;
   0.1144;
   0.0906;
   0.0985;
   0.1049;
   0.0991;
   0.1011;
   0.0783;
   0.0906;
   0.1078;
   0.1014;
   0.0747;
  -0.0206;
  -0.0198;
   0.1025;
  -0.0197;
  -0.0210;
   0.0951;
  -0.0200;
  -0.0211;
  -0.0198;
  -0.0202;
  -0.0198;
  -0.0208;
  -0.0192;
  -0.0197;
  -0.0200;
  -0.0193;
  -0.0191;
  -0.0197;
  -0.0193;
  -0.0201;
  -0.0186;
  -0.0187;
  -0.0192;
  -0.0186;
  -0.0185;
  -0.0184;
  -0.0171;
  -0.0191;
  -0.0183;
  -0.0188;
  -0.0185;
  -0.0198;
  -0.0184;
  -0.0195;
  -0.0170;
  -0.0186;
  -0.0177;
  -0.0197;
  -0.0184;
  -0.0180;
  -0.0187;
  -0.0183;
  -0.0171;
  -0.0186;
  -0.0176;
  -0.0162;
  -0.0177;
  -0.0184;
  -0.0170;
  -0.0215;
  -0.0176;
  -0.0173;
  -0.0176;
  -0.0174;
  -0.0173;
  -0.0178;
  -0.0173;
  -0.0167;
  -0.0180;
  -0.0164;
  -0.0173;
  -0.0174;
  -0.0164;
  -0.0172;
  -0.0175;
  -0.0165;
  -0.0161;
  -0.0176;
  -0.0179;
  -0.0171;
  -0.0180;
  -0.0157;
  -0.0170;
  -0.0163;
  -0.0168;
  -0.0170;
  -0.0158;
  -0.0160;
  -0.0152;
  -0.0174;
  -0.0164;
  -0.0154;
  -0.0159;
  -0.0164;
  -0.0160;
  -0.0148;
  -0.0151;
  -0.0154;
  -0.0152;
  -0.0158;
  -0.0145;
  -0.0148;
  -0.0150;
  -0.0150;
  -0.0149;
  -0.0154;
  -0.0149;
  -0.0145;
  -0.0150;
  -0.0144;
  -0.0147;
  -0.0149;
  -0.0142;
  -0.0165;
  -0.0155;
  -0.0144;
  -0.0144;
  -0.0135;
  -0.0145;
  -0.0141;
  -0.0130;
  -0.0136;
  -0.0142;
  -0.0171;
  -0.0144;
  -0.0140;
  -0.0137;
  -0.0135;
  -0.0131;
  -0.0130;
  -0.0141;
  -0.0132;
  -0.0125;
  -0.0126;
  -0.0121;
  -0.0135;
  -0.0125;
  -0.0120;
  -0.0123;
  -0.0125;
  -0.0122;
  -0.0139;
  -0.0125;
  -0.0120;
  -0.0123;
  -0.0116;
  -0.0118;
  -0.0118;
  -0.0128;
  -0.0129;
  -0.0144;
  -0.0153;
  -0.0129;
  -0.0114;
  -0.0109;
  -0.0149;
  -0.0111;
  -0.0111;
  -0.0112;
  -0.0110;
  -0.0114;
  -0.0129;
  -0.0112;
  -0.0107;
  -0.0107;
  -0.0103;
  -0.0105;
  -0.0110;
  -0.0110;
  -0.0112;
  -0.0109;
  -0.0098;
  -0.0107;
  -0.0129;
  -0.0101;
  -0.0107;
