   0.1178;
   0.0842;
   0.0900;
   0.1153;
   0.1233;
   0.1113;
   0.1134;
   0.1001;
   0.1143;
   0.0935;
   0.0934;
   0.0865;
   0.1128;
   0.1038;
   0.1063;
   0.1047;
   0.0953;
   0.1097;
   0.0987;
   0.1098;
   0.1079;
  -0.0214;
   0.0926;
  -0.0217;
  -0.0212;
   0.1040;
   0.1036;
  -0.0198;
   0.1018;
  -0.0196;
  -0.0204;
   0.0967;
  -0.0204;
  -0.0202;
  -0.0196;
  -0.0204;
  -0.0186;
  -0.0193;
  -0.0194;
  -0.0191;
  -0.0197;
  -0.0192;
  -0.0195;
  -0.0191;
  -0.0191;
  -0.0185;
  -0.0195;
  -0.0190;
  -0.0195;
  -0.0175;
  -0.0187;
  -0.0187;
  -0.0170;
  -0.0188;
  -0.0182;
  -0.0184;
  -0.0188;
  -0.0180;
  -0.0181;
  -0.0178;
  -0.0215;
  -0.0189;
  -0.0188;
  -0.0183;
  -0.0191;
  -0.0182;
  -0.0183;
  -0.0183;
  -0.0190;
  -0.0184;
  -0.0172;
  -0.0199;
  -0.0177;
  -0.0186;
  -0.0181;
  -0.0172;
  -0.0177;
  -0.0223;
  -0.0228;
  -0.0225;
  -0.0185;
  -0.0172;
  -0.0165;
  -0.0156;
  -0.0186;
  -0.0164;
  -0.0168;
  -0.0167;
  -0.0189;
  -0.0161;
  -0.0168;
  -0.0161;
  -0.0163;
  -0.0163;
  -0.0163;
  -0.0162;
  -0.0160;
  -0.0164;
  -0.0154;
  -0.0160;
  -0.0164;
  -0.0171;
  -0.0157;
  -0.0157;
  -0.0167;
  -0.0182;
  -0.0227;
  -0.0228;
  -0.0155;
  -0.0155;
  -0.0158;
  -0.0152;
  -0.0152;
  -0.0157;
  -0.0175;
  -0.0159;
  -0.0152;
  -0.0153;
  -0.0150;
  -0.0151;
  -0.0141;
  -0.0149;
  -0.0149;
  -0.0144;
  -0.0146;
  -0.0152;
  -0.0156;
  -0.0141;
  -0.0145;
  -0.0149;
  -0.0144;
  -0.0142;
  -0.0138;
  -0.0125;
  -0.0133;
  -0.0147;
  -0.0143;
  -0.0144;
  -0.0139;
  -0.0139;
  -0.0143;
  -0.0129;
  -0.0132;
  -0.0137;
  -0.0136;
  -0.0131;
  -0.0130;
  -0.0126;
  -0.0125;
  -0.0144;
  -0.0122;
  -0.0123;
  -0.0149;
  -0.0126;
  -0.0150;
  -0.0126;
  -0.0121;
  -0.0123;
  -0.0115;
  -0.0118;
  -0.0121;
  -0.0123;
  -0.0119;
  -0.0128;
  -0.0115;
  -0.0115;
  -0.0126;
  -0.0126;
  -0.0151;
  -0.0114;
  -0.0118;
  -0.0108;
  -0.0115;
  -0.0112;
  -0.0121;
  -0.0110;
  -0.0117;
  -0.0107;
  -0.0107;
  -0.0108;
  -0.0117;
  -0.0120;
  -0.0109;
  -0.0112;
  -0.0108;
  -0.0109;
  -0.0113;
  -0.0162;
  -0.0101;
