   0.1163;
   0.1184;
   0.1166;
   0.1157;
   0.1236;
   0.1173;
   0.1196;
   0.1092;
   0.1153;
   0.1126;
   0.1127;
   0.0960;
   0.1228;
   0.1042;
   0.1024;
   0.1067;
   0.1135;
   0.1099;
   0.1069;
   0.1060;
   0.1098;
   0.0881;
   0.1036;
  -0.0205;
  -0.0209;
   0.0989;
  -0.0222;
  -0.0201;
   0.0785;
  -0.0212;
  -0.0202;
  -0.0210;
  -0.0194;
  -0.0203;
  -0.0197;
  -0.0199;
  -0.0197;
  -0.0199;
  -0.0190;
  -0.0191;
  -0.0188;
  -0.0189;
  -0.0192;
  -0.0187;
  -0.0193;
  -0.0199;
  -0.0191;
  -0.0172;
  -0.0191;
  -0.0193;
  -0.0186;
  -0.0182;
  -0.0181;
  -0.0192;
  -0.0184;
  -0.0181;
  -0.0194;
  -0.0189;
  -0.0179;
  -0.0178;
  -0.0183;
  -0.0196;
  -0.0185;
  -0.0180;
  -0.0206;
  -0.0180;
  -0.0189;
  -0.0181;
  -0.0163;
  -0.0174;
  -0.0186;
  -0.0192;
  -0.0215;
  -0.0174;
  -0.0184;
  -0.0173;
  -0.0178;
  -0.0175;
  -0.0228;
  -0.0174;
  -0.0178;
  -0.0169;
  -0.0185;
  -0.0182;
  -0.0170;
  -0.0166;
  -0.0170;
  -0.0165;
  -0.0194;
  -0.0179;
  -0.0166;
  -0.0159;
  -0.0162;
  -0.0187;
  -0.0157;
  -0.0164;
  -0.0162;
  -0.0176;
  -0.0164;
  -0.0161;
  -0.0154;
  -0.0166;
  -0.0163;
  -0.0162;
  -0.0158;
  -0.0171;
  -0.0162;
  -0.0187;
  -0.0162;
  -0.0160;
  -0.0159;
  -0.0156;
  -0.0179;
  -0.0164;
  -0.0151;
  -0.0162;
  -0.0170;
  -0.0151;
  -0.0150;
  -0.0150;
  -0.0142;
  -0.0149;
  -0.0157;
  -0.0147;
  -0.0155;
  -0.0145;
  -0.0182;
  -0.0144;
  -0.0141;
  -0.0147;
  -0.0139;
  -0.0143;
  -0.0149;
  -0.0132;
  -0.0144;
  -0.0140;
  -0.0171;
  -0.0164;
  -0.0130;
  -0.0135;
  -0.0138;
  -0.0128;
  -0.0127;
  -0.0136;
  -0.0136;
  -0.0133;
  -0.0139;
  -0.0143;
  -0.0140;
  -0.0124;
  -0.0123;
  -0.0123;
  -0.0123;
  -0.0135;
  -0.0127;
  -0.0145;
  -0.0121;
  -0.0119;
  -0.0124;
  -0.0120;
  -0.0125;
  -0.0139;
  -0.0116;
  -0.0115;
  -0.0127;
  -0.0142;
  -0.0111;
  -0.0158;
  -0.0115;
  -0.0111;
  -0.0115;
  -0.0115;
  -0.0129;
  -0.0116;
  -0.0108;
  -0.0117;
  -0.0114;
  -0.0107;
  -0.0102;
  -0.0105;
  -0.0113;
  -0.0113;
  -0.0115;
  -0.0113;
  -0.0108;
  -0.0107;
  -0.0106;
  -0.0100;
  -0.0132;
