   0.1175;
   0.1160;
   0.1159;
   0.1115;
   0.1144;
   0.1128;
   0.0991;
   0.1007;
   0.1167;
   0.1119;
   0.1163;
   0.0931;
   0.1080;
   0.0911;
   0.1209;
   0.1069;
   0.1070;
   0.0856;
   0.0991;
   0.1055;
   0.0950;
   0.0920;
   0.1065;
  -0.0207;
  -0.0222;
   0.1045;
  -0.0199;
  -0.0204;
   0.0985;
  -0.0212;
  -0.0202;
  -0.0196;
  -0.0193;
  -0.0192;
  -0.0197;
  -0.0197;
  -0.0203;
  -0.0194;
  -0.0197;
  -0.0193;
  -0.0189;
  -0.0192;
  -0.0195;
  -0.0189;
  -0.0190;
  -0.0208;
  -0.0190;
  -0.0187;
  -0.0186;
  -0.0184;
  -0.0189;
  -0.0184;
  -0.0184;
  -0.0198;
  -0.0193;
  -0.0180;
  -0.0186;
  -0.0188;
  -0.0183;
  -0.0184;
  -0.0181;
  -0.0181;
  -0.0206;
  -0.0204;
  -0.0202;
  -0.0184;
  -0.0163;
  -0.0176;
  -0.0200;
  -0.0186;
  -0.0181;
  -0.0171;
  -0.0215;
  -0.0206;
  -0.0173;
  -0.0184;
  -0.0182;
  -0.0173;
  -0.0224;
  -0.0171;
  -0.0172;
  -0.0196;
  -0.0168;
  -0.0179;
  -0.0172;
  -0.0174;
  -0.0163;
  -0.0184;
  -0.0167;
  -0.0179;
  -0.0166;
  -0.0179;
  -0.0158;
  -0.0164;
  -0.0163;
  -0.0162;
  -0.0157;
  -0.0156;
  -0.0180;
  -0.0155;
  -0.0159;
  -0.0153;
  -0.0152;
  -0.0180;
  -0.0152;
  -0.0154;
  -0.0227;
  -0.0158;
  -0.0160;
  -0.0158;
  -0.0151;
  -0.0156;
  -0.0151;
  -0.0177;
  -0.0153;
  -0.0154;
  -0.0149;
  -0.0148;
  -0.0146;
  -0.0151;
  -0.0141;
  -0.0147;
  -0.0149;
  -0.0148;
  -0.0150;
  -0.0148;
  -0.0151;
  -0.0161;
  -0.0146;
  -0.0151;
  -0.0135;
  -0.0144;
  -0.0144;
  -0.0142;
  -0.0175;
  -0.0141;
  -0.0171;
  -0.0145;
  -0.0139;
  -0.0135;
  -0.0139;
  -0.0149;
  -0.0133;
  -0.0135;
  -0.0155;
  -0.0132;
  -0.0130;
  -0.0136;
  -0.0135;
  -0.0125;
  -0.0152;
  -0.0126;
  -0.0149;
  -0.0118;
  -0.0118;
  -0.0120;
  -0.0145;
  -0.0118;
  -0.0138;
  -0.0115;
  -0.0125;
  -0.0124;
  -0.0116;
-100.0000;
  -0.0117;
  -0.0119;
  -0.0116;
  -0.0122;
  -0.0117;
  -0.0112;
  -0.0120;
  -0.0107;
  -0.0136;
  -0.0114;
  -0.0108;
  -0.0104;
  -0.0109;
  -0.0102;
  -0.0129;
  -0.0107;
  -0.0110;
  -0.0112;
  -0.0118;
  -0.0119;
  -0.0101;
  -0.0108;
  -0.0096;
  -0.0110;
  -0.0130;
