   0.1171;
   0.1041;
   0.1176;
   0.0984;
   0.1163;
   0.1052;
   0.0994;
   0.1151;
   0.1072;
   0.1183;
   0.0977;
   0.0959;
   0.1022;
   0.1042;
   0.0789;
   0.0983;
   0.1107;
   0.1079;
   0.0880;
   0.1082;
   0.1004;
   0.1068;
   0.0957;
  -0.0209;
  -0.0198;
  -0.0202;
  -0.0205;
  -0.0219;
  -0.0199;
  -0.0244;
  -0.0187;
  -0.0195;
  -0.0193;
  -0.0205;
  -0.0211;
  -0.0214;
  -0.0198;
  -0.0195;
  -0.0192;
  -0.0195;
  -0.0194;
  -0.0185;
  -0.0200;
  -0.0187;
  -0.0194;
  -0.0192;
  -0.0186;
  -0.0178;
  -0.0195;
  -0.0186;
  -0.0209;
  -0.0187;
  -0.0185;
  -0.0181;
  -0.0183;
  -0.0195;
  -0.0182;
  -0.0196;
  -0.0184;
  -0.0190;
  -0.0197;
  -0.0185;
  -0.0206;
  -0.0189;
  -0.0183;
  -0.0176;
  -0.0186;
  -0.0188;
  -0.0177;
  -0.0175;
  -0.0172;
  -0.0172;
  -0.0215;
  -0.0175;
  -0.0185;
  -0.0194;
  -0.0182;
  -0.0192;
  -0.0178;
  -0.0172;
  -0.0178;
  -0.0172;
  -0.0177;
  -0.0182;
  -0.0165;
  -0.0176;
  -0.0193;
  -0.0174;
  -0.0194;
  -0.0161;
  -0.0164;
  -0.0160;
  -0.0178;
  -0.0187;
  -0.0161;
  -0.0166;
  -0.0163;
  -0.0162;
  -0.0163;
  -0.0184;
  -0.0158;
  -0.0158;
  -0.0159;
  -0.0162;
  -0.0157;
  -0.0170;
  -0.0227;
  -0.0159;
  -0.0156;
  -0.0164;
  -0.0159;
  -0.0155;
  -0.0154;
  -0.0150;
  -0.0149;
  -0.0150;
  -0.0141;
  -0.0146;
  -0.0176;
  -0.0151;
  -0.0141;
  -0.0151;
  -0.0141;
  -0.0139;
  -0.0148;
  -0.0147;
  -0.0146;
  -0.0146;
  -0.0158;
  -0.0139;
  -0.0128;
  -0.0141;
  -0.0138;
  -0.0155;
  -0.0145;
  -0.0142;
  -0.0171;
  -0.0131;
  -0.0135;
  -0.0138;
  -0.0134;
  -0.0136;
  -0.0135;
  -0.0138;
  -0.0155;
  -0.0125;
  -0.0139;
  -0.0137;
  -0.0135;
  -0.0130;
  -0.0134;
  -0.0129;
  -0.0122;
  -0.0122;
  -0.0120;
  -0.0121;
  -0.0128;
  -0.0144;
  -0.0120;
  -0.0140;
  -0.0154;
  -0.0124;
  -0.0116;
  -0.0122;
  -0.0153;
  -0.0110;
  -0.0109;
  -0.0115;
  -0.0122;
  -0.0116;
  -0.0116;
  -0.0115;
  -0.0108;
  -0.0108;
  -0.0110;
  -0.0113;
  -0.0125;
  -0.0112;
  -0.0106;
  -0.0111;
  -0.0111;
  -0.0110;
  -0.0114;
  -0.0114;
  -0.0109;
  -0.0120;
  -0.0131;
  -0.0108;
  -0.0098;
