   0.1080;
   0.1008;
   0.0923;
   0.0724;
   0.1139;
   0.1070;
   0.1135;
   0.0920;
   0.1171;
   0.1088;
   0.1138;
   0.1153;
   0.1140;
   0.1091;
   0.1158;
   0.0811;
   0.1118;
   0.1038;
   0.1031;
   0.1037;
   0.0912;
   0.1122;
   0.1032;
  -0.0209;
  -0.0207;
   0.0972;
  -0.0196;
  -0.0199;
  -0.0196;
  -0.0200;
  -0.0196;
  -0.0195;
  -0.0209;
  -0.0201;
  -0.0197;
  -0.0191;
  -0.0192;
  -0.0192;
  -0.0202;
  -0.0193;
  -0.0191;
  -0.0191;
  -0.0192;
  -0.0187;
  -0.0209;
  -0.0193;
  -0.0201;
  -0.0190;
  -0.0192;
  -0.0186;
  -0.0191;
  -0.0185;
  -0.0185;
  -0.0182;
  -0.0190;
  -0.0195;
  -0.0203;
  -0.0196;
  -0.0215;
  -0.0187;
  -0.0213;
  -0.0187;
  -0.0187;
  -0.0181;
  -0.0178;
  -0.0188;
  -0.0184;
  -0.0179;
  -0.0190;
  -0.0173;
  -0.0172;
  -0.0180;
  -0.0215;
  -0.0159;
  -0.0193;
  -0.0184;
  -0.0171;
  -0.0180;
  -0.0175;
  -0.0185;
  -0.0188;
  -0.0193;
  -0.0168;
  -0.0175;
  -0.0168;
  -0.0175;
  -0.0186;
  -0.0184;
  -0.0171;
  -0.0166;
  -0.0164;
  -0.0233;
  -0.0177;
  -0.0164;
  -0.0166;
  -0.0163;
  -0.0163;
  -0.0177;
  -0.0164;
  -0.0180;
  -0.0153;
  -0.0158;
  -0.0159;
  -0.0163;
  -0.0162;
  -0.0158;
  -0.0159;
  -0.0157;
  -0.0158;
  -0.0158;
  -0.0151;
  -0.0172;
  -0.0150;
  -0.0196;
  -0.0152;
  -0.0150;
  -0.0151;
  -0.0149;
  -0.0157;
  -0.0144;
  -0.0150;
  -0.0147;
  -0.0154;
  -0.0150;
  -0.0148;
  -0.0158;
  -0.0182;
  -0.0144;
  -0.0135;
  -0.0144;
  -0.0146;
  -0.0143;
  -0.0139;
  -0.0152;
  -0.0130;
  -0.0147;
  -0.0171;
  -0.0131;
  -0.0140;
  -0.0134;
  -0.0140;
  -0.0136;
  -0.0133;
  -0.0139;
  -0.0155;
  -0.0127;
  -0.0123;
  -0.0145;
-100.0000;
  -0.0124;
  -0.0133;
  -0.0123;
  -0.0126;
  -0.0121;
  -0.0139;
  -0.0161;
  -0.0119;
  -0.0131;
  -0.0124;
  -0.0116;
-100.0000;
  -0.0117;
  -0.0128;
  -0.0116;
  -0.0110;
  -0.0142;
  -0.0119;
  -0.0137;
  -0.0119;
  -0.0136;
  -0.0114;
  -0.0116;
  -0.0110;
  -0.0110;
  -0.0109;
  -0.0112;
  -0.0108;
  -0.0127;
  -0.0105;
  -0.0111;
  -0.0118;
  -0.0124;
  -0.0108;
  -0.0113;
  -0.0108;
  -0.0120;
  -0.0111;
  -0.0110;
  -0.0101;
