   0.1209;
   0.1052;
   0.1111;
   0.1093;
   0.1239;
   0.1137;
   0.1105;
   0.0838;
   0.0990;
   0.1127;
   0.1109;
   0.0819;
   0.1091;
   0.1098;
   0.1094;
   0.1061;
   0.1085;
   0.1096;
   0.1069;
   0.1018;
   0.1088;
  -0.0204;
  -0.0207;
  -0.0216;
  -0.0207;
  -0.0199;
  -0.0202;
  -0.0203;
  -0.0197;
  -0.0247;
  -0.0195;
  -0.0205;
  -0.0198;
  -0.0194;
  -0.0197;
  -0.0194;
  -0.0196;
  -0.0194;
  -0.0198;
  -0.0206;
  -0.0198;
  -0.0208;
  -0.0189;
  -0.0192;
  -0.0186;
  -0.0188;
  -0.0188;
  -0.0189;
  -0.0186;
  -0.0188;
  -0.0188;
  -0.0170;
  -0.0189;
  -0.0233;
  -0.0181;
  -0.0184;
  -0.0179;
  -0.0189;
  -0.0181;
  -0.0179;
  -0.0192;
  -0.0183;
  -0.0171;
  -0.0176;
  -0.0184;
  -0.0200;
  -0.0163;
  -0.0203;
  -0.0194;
  -0.0197;
  -0.0175;
  -0.0193;
  -0.0179;
  -0.0193;
  -0.0186;
  -0.0182;
  -0.0183;
  -0.0223;
  -0.0228;
  -0.0173;
  -0.0171;
  -0.0170;
  -0.0168;
  -0.0186;
  -0.0168;
  -0.0174;
  -0.0167;
  -0.0168;
  -0.0193;
  -0.0166;
  -0.0165;
  -0.0236;
  -0.0165;
  -0.0162;
  -0.0166;
  -0.0157;
  -0.0190;
  -0.0162;
  -0.0165;
  -0.0160;
  -0.0170;
  -0.0153;
  -0.0168;
  -0.0166;
  -0.0159;
  -0.0163;
  -0.0227;
  -0.0228;
  -0.0149;
  -0.0155;
  -0.0146;
  -0.0155;
  -0.0166;
  -0.0152;
  -0.0175;
  -0.0154;
  -0.0146;
  -0.0155;
  -0.0146;
  -0.0152;
  -0.0155;
  -0.0145;
  -0.0144;
  -0.0141;
  -0.0143;
  -0.0153;
  -0.0142;
  -0.0144;
  -0.0153;
  -0.0143;
  -0.0146;
  -0.0156;
  -0.0141;
  -0.0134;
  -0.0141;
  -0.0139;
  -0.0145;
  -0.0138;
  -0.0137;
  -0.0137;
  -0.0136;
  -0.0140;
  -0.0131;
  -0.0165;
  -0.0126;
  -0.0127;
  -0.0126;
  -0.0138;
  -0.0124;
  -0.0125;
  -0.0143;
  -0.0124;
  -0.0122;
  -0.0122;
  -0.0123;
  -0.0128;
  -0.0121;
  -0.0133;
  -0.0134;
  -0.0116;
  -0.0117;
  -0.0126;
  -0.0120;
  -0.0115;
  -0.0124;
  -0.0112;
  -0.0110;
  -0.0118;
  -0.0122;
  -0.0148;
  -0.0118;
  -0.0129;
  -0.0113;
  -0.0117;
  -0.0114;
  -0.0116;
  -0.0107;
  -0.0093;
  -0.0111;
  -0.0118;
  -0.0110;
  -0.0145;
  -0.0115;
  -0.0123;
  -0.0116;
  -0.0116;
  -0.0110;
  -0.0111;
  -0.0095;
