   0.1152;
   0.1176;
   0.1107;
   0.1172;
   0.1098;
   0.1140;
   0.1138;
   0.1154;
   0.1038;
   0.0879;
   0.0681;
   0.1111;
   0.1098;
   0.1167;
  -0.0214;
   0.0789;
   0.1068;
   0.1110;
  -0.0201;
   0.0967;
   0.1050;
   0.0976;
   0.0962;
  -0.0244;
  -0.0206;
  -0.0215;
  -0.0207;
  -0.0198;
   0.0895;
  -0.0220;
  -0.0216;
  -0.0196;
  -0.0195;
  -0.0200;
  -0.0200;
  -0.0191;
  -0.0201;
  -0.0193;
  -0.0172;
  -0.0195;
  -0.0197;
  -0.0194;
  -0.0198;
  -0.0199;
  -0.0191;
  -0.0188;
  -0.0221;
  -0.0187;
  -0.0188;
  -0.0187;
  -0.0214;
  -0.0190;
  -0.0190;
  -0.0184;
  -0.0186;
  -0.0199;
  -0.0181;
  -0.0189;
  -0.0185;
  -0.0209;
  -0.0186;
  -0.0176;
  -0.0168;
  -0.0183;
  -0.0180;
  -0.0178;
  -0.0186;
  -0.0183;
  -0.0189;
  -0.0183;
  -0.0172;
  -0.0195;
  -0.0215;
  -0.0207;
  -0.0183;
  -0.0173;
  -0.0183;
  -0.0168;
  -0.0173;
  -0.0169;
  -0.0171;
  -0.0176;
  -0.0168;
  -0.0178;
  -0.0162;
  -0.0175;
  -0.0170;
  -0.0169;
  -0.0187;
  -0.0164;
  -0.0164;
  -0.0159;
  -0.0164;
  -0.0158;
  -0.0156;
  -0.0156;
  -0.0155;
  -0.0159;
  -0.0170;
  -0.0170;
  -0.0162;
  -0.0161;
  -0.0185;
  -0.0171;
  -0.0157;
  -0.0156;
  -0.0227;
  -0.0156;
  -0.0174;
  -0.0157;
  -0.0162;
  -0.0178;
  -0.0149;
  -0.0151;
  -0.0153;
  -0.0151;
  -0.0147;
  -0.0154;
  -0.0175;
  -0.0144;
  -0.0146;
  -0.0147;
  -0.0138;
  -0.0145;
  -0.0151;
  -0.0136;
  -0.0142;
  -0.0170;
  -0.0146;
  -0.0145;
  -0.0141;
  -0.0168;
  -0.0141;
  -0.0146;
  -0.0149;
  -0.0143;
  -0.0139;
  -0.0130;
  -0.0138;
  -0.0140;
  -0.0147;
  -0.0140;
  -0.0133;
  -0.0139;
  -0.0127;
  -0.0148;
  -0.0133;
  -0.0132;
  -0.0156;
  -0.0118;
  -0.0121;
  -0.0119;
  -0.0122;
  -0.0122;
  -0.0117;
  -0.0127;
  -0.0123;
  -0.0143;
  -0.0115;
  -0.0119;
  -0.0116;
  -0.0120;
  -0.0112;
  -0.0124;
  -0.0116;
  -0.0125;
  -0.0109;
  -0.0126;
  -0.0145;
  -0.0143;
  -0.0116;
  -0.0125;
  -0.0109;
  -0.0114;
  -0.0109;
  -0.0132;
  -0.0107;
  -0.0106;
  -0.0102;
  -0.0117;
  -0.0103;
  -0.0114;
  -0.0112;
  -0.0112;
  -0.0108;
  -0.0101;
  -0.0110;
  -0.0107;
  -0.0103;
