   0.1119;
   0.1138;
   0.1057;
   0.1183;
   0.1265;
   0.1199;
   0.1169;
   0.0579;
   0.1126;
   0.1156;
   0.1085;
   0.1065;
   0.1104;
   0.1098;
   0.1041;
   0.1061;
   0.1085;
   0.0908;
   0.1050;
   0.0901;
   0.0891;
   0.1022;
   0.1093;
  -0.0198;
  -0.0212;
   0.1047;
  -0.0197;
  -0.0201;
   0.0880;
  -0.0215;
  -0.0205;
  -0.0201;
  -0.0198;
  -0.0199;
  -0.0205;
  -0.0218;
  -0.0208;
  -0.0216;
  -0.0193;
  -0.0202;
  -0.0188;
  -0.0200;
  -0.0211;
  -0.0186;
  -0.0188;
  -0.0188;
  -0.0187;
  -0.0187;
  -0.0207;
  -0.0197;
  -0.0189;
  -0.0203;
  -0.0194;
  -0.0187;
  -0.0182;
  -0.0181;
  -0.0182;
  -0.0187;
  -0.0181;
  -0.0182;
  -0.0186;
  -0.0184;
  -0.0179;
  -0.0176;
  -0.0180;
  -0.0185;
  -0.0183;
  -0.0202;
  -0.0179;
  -0.0165;
  -0.0185;
  -0.0185;
  -0.0215;
  -0.0179;
  -0.0169;
  -0.0161;
  -0.0178;
  -0.0171;
  -0.0228;
  -0.0173;
  -0.0181;
  -0.0169;
  -0.0171;
  -0.0171;
  -0.0177;
  -0.0176;
  -0.0170;
  -0.0164;
  -0.0182;
  -0.0164;
  -0.0167;
  -0.0160;
  -0.0170;
  -0.0167;
  -0.0173;
  -0.0174;
  -0.0155;
  -0.0155;
  -0.0180;
  -0.0212;
  -0.0156;
  -0.0173;
  -0.0168;
  -0.0161;
  -0.0161;
  -0.0154;
  -0.0161;
  -0.0162;
  -0.0161;
  -0.0152;
  -0.0153;
  -0.0156;
  -0.0147;
  -0.0153;
  -0.0151;
  -0.0157;
  -0.0157;
  -0.0149;
  -0.0152;
  -0.0151;
  -0.0152;
  -0.0152;
  -0.0147;
  -0.0147;
  -0.0149;
  -0.0142;
  -0.0147;
  -0.0142;
  -0.0145;
  -0.0142;
  -0.0142;
  -0.0138;
  -0.0141;
  -0.0132;
  -0.0138;
  -0.0139;
  -0.0143;
  -0.0135;
  -0.0148;
  -0.0136;
  -0.0146;
  -0.0137;
  -0.0132;
  -0.0143;
  -0.0123;
  -0.0123;
  -0.0135;
  -0.0138;
  -0.0126;
  -0.0124;
  -0.0128;
  -0.0154;
  -0.0122;
  -0.0122;
  -0.0119;
  -0.0186;
  -0.0120;
  -0.0144;
  -0.0118;
  -0.0117;
  -0.0113;
  -0.0116;
  -0.0119;
  -0.0121;
  -0.0122;
  -0.0114;
  -0.0119;
  -0.0138;
  -0.0121;
  -0.0117;
  -0.0116;
  -0.0118;
  -0.0113;
  -0.0112;
  -0.0142;
  -0.0110;
  -0.0103;
  -0.0116;
  -0.0107;
  -0.0112;
  -0.0110;
  -0.0116;
  -0.0120;
  -0.0113;
  -0.0106;
  -0.0105;
  -0.0115;
  -0.0109;
  -0.0111;
