   0.1201;
   0.1142;
   0.1171;
   0.1145;
   0.1023;
   0.1182;
   0.1041;
   0.0948;
   0.1056;
   0.1183;
   0.1133;
   0.1110;
   0.0779;
   0.1112;
   0.1105;
   0.1078;
   0.1105;
   0.0882;
   0.1095;
   0.1037;
   0.1046;
  -0.0210;
   0.0976;
  -0.0219;
  -0.0199;
  -0.0205;
  -0.0202;
  -0.0210;
  -0.0213;
  -0.0247;
  -0.0196;
  -0.0195;
  -0.0195;
  -0.0194;
  -0.0194;
  -0.0196;
  -0.0199;
  -0.0192;
  -0.0207;
  -0.0193;
  -0.0203;
  -0.0208;
  -0.0191;
  -0.0192;
  -0.0199;
  -0.0196;
  -0.0191;
  -0.0188;
  -0.0194;
  -0.0184;
  -0.0194;
  -0.0183;
  -0.0190;
  -0.0181;
  -0.0199;
  -0.0194;
  -0.0186;
  -0.0180;
  -0.0183;
  -0.0177;
  -0.0190;
  -0.0182;
  -0.0192;
  -0.0182;
  -0.0191;
  -0.0183;
  -0.0187;
  -0.0194;
  -0.0178;
  -0.0176;
  -0.0192;
  -0.0199;
  -0.0184;
  -0.0187;
  -0.0182;
  -0.0209;
  -0.0191;
  -0.0223;
  -0.0224;
  -0.0225;
  -0.0179;
  -0.0173;
  -0.0179;
  -0.0173;
  -0.0181;
  -0.0178;
  -0.0168;
  -0.0163;
  -0.0180;
  -0.0172;
  -0.0166;
  -0.0160;
  -0.0159;
  -0.0178;
  -0.0164;
  -0.0166;
  -0.0163;
  -0.0175;
  -0.0157;
  -0.0157;
  -0.0164;
  -0.0163;
  -0.0173;
  -0.0160;
  -0.0157;
  -0.0163;
  -0.0159;
  -0.0228;
  -0.0155;
  -0.0152;
  -0.0171;
  -0.0157;
  -0.0148;
  -0.0166;
  -0.0175;
  -0.0158;
  -0.0147;
  -0.0149;
  -0.0150;
  -0.0152;
  -0.0141;
  -0.0149;
  -0.0146;
  -0.0141;
  -0.0143;
  -0.0148;
  -0.0147;
  -0.0143;
  -0.0143;
  -0.0146;
  -0.0141;
  -0.0138;
  -0.0162;
  -0.0125;
  -0.0141;
  -0.0139;
  -0.0135;
  -0.0131;
  -0.0137;
  -0.0139;
  -0.0134;
  -0.0136;
  -0.0128;
  -0.0140;
  -0.0127;
  -0.0127;
  -0.0155;
  -0.0134;
  -0.0139;
  -0.0121;
  -0.0128;
  -0.0129;
  -0.0124;
  -0.0127;
  -0.0121;
  -0.0128;
  -0.0144;
  -0.0119;
  -0.0118;
  -0.0119;
  -0.0134;
  -0.0116;
  -0.0115;
  -0.0120;
  -0.0131;
  -0.0110;
  -0.0126;
  -0.0108;
  -0.0108;
  -0.0117;
  -0.0140;
  -0.0111;
  -0.0109;
  -0.0110;
  -0.0136;
  -0.0126;
  -0.0108;
  -0.0129;
  -0.0123;
  -0.0114;
  -0.0114;
  -0.0116;
  -0.0115;
  -0.0106;
  -0.0103;
  -0.0112;
  -0.0105;
  -0.0162;
  -0.0141;
