   0.1174;
   0.1282;
   0.1210;
   0.1035;
   0.1192;
   0.1216;
   0.1187;
   0.1064;
   0.1134;
   0.1174;
   0.1219;
   0.1066;
   0.1036;
   0.1086;
   0.1129;
   0.1055;
   0.1051;
   0.1036;
  -0.0209;
   0.1054;
   0.1050;
  -0.0209;
  -0.0208;
  -0.0219;
  -0.0219;
  -0.0206;
  -0.0204;
  -0.0200;
  -0.0196;
  -0.0213;
  -0.0196;
  -0.0198;
  -0.0205;
  -0.0200;
  -0.0197;
  -0.0193;
  -0.0215;
  -0.0220;
  -0.0195;
  -0.0215;
  -0.0193;
  -0.0187;
  -0.0199;
  -0.0200;
  -0.0187;
  -0.0188;
  -0.0187;
  -0.0193;
  -0.0189;
  -0.0193;
  -0.0189;
  -0.0188;
  -0.0190;
  -0.0189;
  -0.0182;
  -0.0193;
  -0.0189;
  -0.0182;
  -0.0182;
  -0.0178;
  -0.0207;
  -0.0177;
  -0.0191;
  -0.0197;
  -0.0181;
  -0.0180;
  -0.0190;
  -0.0185;
  -0.0182;
  -0.0197;
  -0.0210;
  -0.0183;
  -0.0192;
  -0.0180;
  -0.0169;
  -0.0188;
  -0.0183;
  -0.0223;
  -0.0172;
  -0.0183;
  -0.0179;
  -0.0170;
  -0.0180;
  -0.0164;
  -0.0173;
  -0.0173;
  -0.0166;
  -0.0200;
  -0.0165;
  -0.0161;
  -0.0165;
  -0.0236;
  -0.0162;
  -0.0169;
  -0.0180;
  -0.0170;
  -0.0166;
  -0.0178;
  -0.0167;
  -0.0161;
  -0.0201;
  -0.0184;
  -0.0165;
  -0.0159;
  -0.0226;
  -0.0148;
  -0.0227;
  -0.0228;
  -0.0158;
  -0.0151;
  -0.0153;
  -0.0155;
  -0.0159;
  -0.0149;
  -0.0155;
  -0.0156;
  -0.0157;
  -0.0151;
  -0.0150;
  -0.0148;
  -0.0154;
  -0.0162;
  -0.0148;
  -0.0148;
  -0.0142;
  -0.0146;
  -0.0147;
  -0.0136;
  -0.0148;
  -0.0142;
  -0.0141;
  -0.0141;
  -0.0141;
  -0.0133;
  -0.0139;
  -0.0137;
  -0.0163;
  -0.0132;
  -0.0138;
  -0.0139;
  -0.0133;
  -0.0150;
  -0.0139;
  -0.0152;
  -0.0124;
  -0.0128;
  -0.0141;
  -0.0122;
  -0.0127;
  -0.0121;
  -0.0121;
  -0.0136;
  -0.0153;
  -0.0123;
  -0.0125;
  -0.0131;
  -0.0119;
  -0.0116;
  -0.0160;
  -0.0119;
  -0.0124;
  -0.0123;
  -0.0149;
  -0.0134;
  -0.0140;
  -0.0114;
  -0.0123;
  -0.0122;
  -0.0148;
  -0.0113;
  -0.0111;
  -0.0131;
  -0.0136;
  -0.0115;
  -0.0108;
  -0.0109;
  -0.0123;
  -0.0113;
  -0.0134;
  -0.0101;
  -0.0104;
  -0.0111;
  -0.0100;
  -0.0110;
  -0.0103;
  -0.0112;
  -0.0113;
  -0.0121;
  -0.0105;
