   0.0939;
   0.1203;
   0.1161;
   0.1216;
   0.1159;
   0.1213;
   0.1133;
   0.1143;
   0.1252;
   0.1134;
   0.1180;
   0.1072;
   0.1107;
   0.1099;
  -0.0221;
   0.0793;
   0.0968;
   0.1027;
   0.0933;
   0.1040;
   0.1114;
   0.0986;
   0.0969;
  -0.0202;
   0.1021;
  -0.0205;
   0.0716;
  -0.0223;
  -0.0197;
  -0.0202;
  -0.0201;
  -0.0246;
  -0.0207;
  -0.0199;
  -0.0191;
  -0.0193;
  -0.0206;
  -0.0193;
  -0.0193;
  -0.0179;
  -0.0189;
  -0.0195;
  -0.0194;
  -0.0187;
  -0.0192;
  -0.0188;
  -0.0190;
  -0.0184;
  -0.0199;
  -0.0188;
  -0.0201;
  -0.0188;
  -0.0184;
  -0.0188;
  -0.0184;
  -0.0180;
  -0.0194;
  -0.0189;
  -0.0185;
  -0.0179;
  -0.0186;
  -0.0180;
  -0.0190;
  -0.0176;
  -0.0249;
  -0.0174;
  -0.0174;
  -0.0190;
  -0.0178;
  -0.0202;
  -0.0175;
  -0.0171;
  -0.0215;
  -0.0170;
  -0.0171;
  -0.0179;
  -0.0182;
  -0.0175;
  -0.0170;
  -0.0187;
  -0.0183;
  -0.0171;
  -0.0170;
  -0.0176;
  -0.0174;
  -0.0180;
  -0.0173;
  -0.0169;
  -0.0194;
  -0.0166;
  -0.0166;
  -0.0171;
  -0.0157;
  -0.0158;
  -0.0159;
  -0.0174;
  -0.0160;
  -0.0162;
  -0.0168;
  -0.0159;
  -0.0160;
  -0.0159;
  -0.0168;
  -0.0196;
  -0.0158;
  -0.0166;
  -0.0171;
  -0.0228;
  -0.0151;
  -0.0154;
  -0.0157;
  -0.0164;
  -0.0155;
  -0.0155;
  -0.0148;
  -0.0146;
  -0.0159;
  -0.0149;
  -0.0147;
  -0.0149;
  -0.0149;
  -0.0141;
  -0.0151;
  -0.0140;
  -0.0148;
  -0.0150;
  -0.0146;
  -0.0153;
  -0.0144;
  -0.0139;
  -0.0140;
  -0.0144;
  -0.0165;
  -0.0129;
  -0.0144;
  -0.0136;
  -0.0143;
  -0.0135;
  -0.0137;
  -0.0134;
  -0.0138;
  -0.0144;
  -0.0135;
  -0.0137;
  -0.0134;
  -0.0131;
  -0.0127;
  -0.0123;
  -0.0124;
  -0.0124;
  -0.0152;
  -0.0126;
  -0.0129;
  -0.0118;
  -0.0126;
  -0.0116;
  -0.0143;
  -0.0118;
  -0.0143;
  -0.0124;
  -0.0118;
  -0.0119;
  -0.0127;
  -0.0115;
  -0.0153;
  -0.0114;
  -0.0128;
  -0.0117;
  -0.0119;
  -0.0111;
  -0.0116;
  -0.0118;
  -0.0115;
  -0.0114;
  -0.0109;
  -0.0104;
  -0.0118;
  -0.0104;
  -0.0117;
  -0.0112;
  -0.0106;
  -0.0136;
  -0.0100;
  -0.0112;
  -0.0110;
  -0.0127;
  -0.0110;
  -0.0108;
  -0.0149;
