   0.1164;
   0.1193;
   0.1132;
   0.1085;
   0.1174;
   0.1135;
   0.0817;
   0.1003;
   0.1037;
   0.0990;
   0.0998;
   0.1134;
   0.1136;
   0.1091;
   0.1085;
   0.0927;
   0.1137;
   0.1041;
   0.0895;
   0.1026;
   0.1020;
  -0.0212;
  -0.0210;
  -0.0203;
  -0.0206;
  -0.0215;
  -0.0201;
  -0.0221;
  -0.0205;
  -0.0199;
  -0.0196;
  -0.0209;
  -0.0193;
  -0.0202;
  -0.0211;
  -0.0198;
  -0.0197;
  -0.0193;
  -0.0197;
  -0.0194;
  -0.0192;
  -0.0189;
  -0.0187;
  -0.0187;
  -0.0189;
  -0.0191;
  -0.0204;
  -0.0196;
  -0.0190;
  -0.0188;
  -0.0191;
  -0.0188;
  -0.0185;
  -0.0191;
  -0.0190;
  -0.0185;
  -0.0211;
  -0.0196;
  -0.0180;
  -0.0182;
  -0.0224;
  -0.0181;
  -0.0189;
  -0.0180;
  -0.0178;
  -0.0184;
  -0.0179;
  -0.0189;
  -0.0176;
  -0.0184;
  -0.0186;
  -0.0178;
  -0.0215;
  -0.0191;
  -0.0197;
  -0.0201;
  -0.0174;
  -0.0171;
  -0.0177;
  -0.0172;
  -0.0178;
  -0.0183;
  -0.0168;
  -0.0182;
  -0.0179;
  -0.0172;
  -0.0166;
  -0.0171;
  -0.0165;
  -0.0178;
  -0.0163;
  -0.0185;
  -0.0157;
  -0.0157;
  -0.0167;
  -0.0187;
  -0.0160;
  -0.0160;
  -0.0163;
  -0.0155;
  -0.0159;
  -0.0160;
  -0.0163;
  -0.0158;
  -0.0159;
  -0.0171;
  -0.0227;
  -0.0173;
  -0.0158;
  -0.0157;
  -0.0154;
  -0.0147;
  -0.0173;
  -0.0151;
  -0.0148;
  -0.0150;
  -0.0147;
  -0.0142;
  -0.0150;
  -0.0146;
  -0.0145;
  -0.0146;
  -0.0178;
  -0.0144;
  -0.0152;
  -0.0146;
  -0.0182;
  -0.0146;
  -0.0139;
  -0.0143;
  -0.0144;
  -0.0142;
  -0.0142;
  -0.0150;
  -0.0136;
  -0.0139;
  -0.0171;
  -0.0141;
  -0.0140;
  -0.0142;
  -0.0139;
  -0.0128;
  -0.0132;
  -0.0141;
  -0.0135;
  -0.0135;
  -0.0127;
  -0.0135;
  -0.0125;
  -0.0124;
  -0.0140;
  -0.0122;
  -0.0127;
  -0.0121;
  -0.0139;
  -0.0125;
  -0.0147;
  -0.0121;
  -0.0114;
  -0.0118;
  -0.0152;
  -0.0125;
  -0.0112;
  -0.0115;
  -0.0115;
  -0.0114;
  -0.0118;
  -0.0118;
  -0.0149;
  -0.0121;
  -0.0130;
  -0.0125;
  -0.0109;
  -0.0114;
  -0.0126;
  -0.0150;
  -0.0133;
  -0.0106;
  -0.0122;
  -0.0126;
  -0.0102;
  -0.0110;
  -0.0123;
  -0.0113;
  -0.0108;
  -0.0100;
  -0.0110;
  -0.0107;
  -0.0104;
