   0.1127;
   0.1126;
   0.1153;
   0.1165;
   0.1046;
   0.1158;
   0.1204;
   0.1136;
   0.1122;
   0.1122;
   0.0985;
   0.1039;
   0.1128;
   0.1069;
   0.1108;
   0.0818;
   0.1107;
   0.1072;
   0.0795;
  -0.0212;
  -0.0206;
  -0.0208;
  -0.0204;
  -0.0211;
  -0.0201;
  -0.0199;
  -0.0203;
  -0.0197;
  -0.0197;
  -0.0199;
  -0.0197;
  -0.0194;
  -0.0204;
  -0.0198;
  -0.0201;
  -0.0193;
  -0.0195;
  -0.0192;
  -0.0193;
  -0.0196;
  -0.0197;
  -0.0202;
  -0.0209;
  -0.0188;
  -0.0202;
  -0.0193;
  -0.0188;
  -0.0187;
  -0.0185;
  -0.0183;
  -0.0193;
  -0.0183;
  -0.0181;
  -0.0184;
  -0.0186;
  -0.0184;
  -0.0194;
  -0.0183;
  -0.0185;
  -0.0181;
  -0.0183;
  -0.0179;
  -0.0181;
  -0.0184;
  -0.0176;
  -0.0199;
  -0.0198;
  -0.0196;
  -0.0162;
  -0.0201;
  -0.0174;
  -0.0178;
  -0.0215;
  -0.0173;
  -0.0176;
  -0.0181;
  -0.0182;
  -0.0177;
  -0.0167;
  -0.0192;
  -0.0167;
  -0.0208;
  -0.0175;
  -0.0177;
  -0.0178;
  -0.0176;
  -0.0184;
  -0.0166;
  -0.0194;
  -0.0170;
  -0.0164;
  -0.0236;
  -0.0162;
  -0.0157;
  -0.0161;
  -0.0161;
  -0.0181;
  -0.0162;
  -0.0162;
  -0.0156;
  -0.0164;
  -0.0160;
  -0.0152;
  -0.0157;
  -0.0175;
  -0.0161;
  -0.0227;
  -0.0153;
  -0.0162;
  -0.0156;
  -0.0175;
  -0.0179;
  -0.0150;
  -0.0150;
  -0.0166;
  -0.0153;
  -0.0165;
  -0.0151;
  -0.0187;
  -0.0139;
  -0.0150;
  -0.0153;
  -0.0144;
  -0.0143;
  -0.0150;
  -0.0147;
  -0.0146;
  -0.0159;
  -0.0156;
  -0.0143;
  -0.0140;
  -0.0138;
  -0.0145;
  -0.0137;
  -0.0144;
  -0.0141;
  -0.0139;
  -0.0131;
  -0.0143;
  -0.0140;
  -0.0134;
  -0.0163;
  -0.0132;
  -0.0136;
  -0.0127;
  -0.0126;
  -0.0131;
  -0.0121;
  -0.0124;
  -0.0126;
  -0.0125;
  -0.0127;
  -0.0129;
  -0.0129;
  -0.0129;
  -0.0127;
  -0.0147;
  -0.0118;
  -0.0119;
  -0.0119;
  -0.0131;
  -0.0124;
  -0.0120;
  -0.0115;
  -0.0154;
  -0.0112;
  -0.0113;
  -0.0114;
  -0.0147;
  -0.0116;
  -0.0107;
  -0.0114;
  -0.0106;
  -0.0109;
  -0.0105;
  -0.0109;
  -0.0108;
  -0.0109;
  -0.0130;
  -0.0115;
  -0.0115;
  -0.0116;
  -0.0116;
  -0.0113;
  -0.0111;
  -0.0107;
  -0.0116;
  -0.0097;
  -0.0098;
