   0.0933;
   0.1206;
   0.1135;
   0.1112;
   0.1145;
   0.1148;
   0.1132;
   0.0983;
   0.1133;
   0.1138;
   0.1036;
   0.0986;
   0.1100;
   0.1080;
   0.1007;
   0.1082;
   0.1127;
   0.1024;
  -0.0202;
  -0.0205;
  -0.0203;
  -0.0207;
  -0.0209;
  -0.0211;
  -0.0215;
  -0.0206;
  -0.0205;
  -0.0201;
  -0.0197;
  -0.0200;
  -0.0220;
  -0.0205;
  -0.0196;
  -0.0216;
  -0.0200;
  -0.0193;
  -0.0193;
  -0.0190;
  -0.0196;
  -0.0219;
  -0.0202;
  -0.0188;
  -0.0197;
  -0.0186;
  -0.0188;
  -0.0191;
  -0.0189;
  -0.0188;
  -0.0186;
  -0.0190;
  -0.0195;
  -0.0191;
  -0.0188;
  -0.0186;
  -0.0189;
  -0.0199;
  -0.0191;
  -0.0203;
  -0.0180;
  -0.0181;
  -0.0196;
  -0.0182;
  -0.0177;
  -0.0203;
  -0.0249;
  -0.0220;
  -0.0201;
  -0.0194;
  -0.0186;
  -0.0176;
  -0.0172;
  -0.0187;
  -0.0215;
  -0.0184;
  -0.0180;
  -0.0184;
  -0.0183;
  -0.0177;
  -0.0228;
  -0.0225;
  -0.0180;
  -0.0174;
  -0.0168;
  -0.0167;
  -0.0174;
  -0.0167;
  -0.0172;
  -0.0167;
  -0.0162;
  -0.0179;
  -0.0178;
  -0.0236;
  -0.0159;
  -0.0158;
  -0.0162;
  -0.0160;
  -0.0162;
  -0.0161;
  -0.0164;
  -0.0172;
  -0.0167;
  -0.0161;
  -0.0159;
  -0.0155;
  -0.0169;
  -0.0162;
  -0.0158;
  -0.0155;
  -0.0159;
  -0.0167;
  -0.0178;
  -0.0157;
  -0.0151;
  -0.0154;
  -0.0149;
  -0.0149;
  -0.0147;
  -0.0146;
  -0.0177;
  -0.0146;
  -0.0155;
  -0.0142;
  -0.0159;
  -0.0143;
  -0.0157;
  -0.0145;
  -0.0144;
  -0.0149;
  -0.0149;
  -0.0139;
  -0.0139;
  -0.0150;
  -0.0140;
  -0.0149;
  -0.0140;
  -0.0139;
  -0.0140;
  -0.0138;
  -0.0140;
  -0.0140;
  -0.0140;
  -0.0162;
  -0.0128;
  -0.0150;
  -0.0133;
  -0.0124;
  -0.0123;
  -0.0137;
  -0.0123;
  -0.0145;
  -0.0143;
  -0.0152;
  -0.0122;
  -0.0126;
  -0.0122;
  -0.0141;
  -0.0121;
  -0.0116;
  -0.0115;
  -0.0125;
  -0.0116;
  -0.0119;
  -0.0118;
  -0.0115;
  -0.0117;
  -0.0116;
  -0.0113;
  -0.0119;
  -0.0132;
  -0.0119;
  -0.0116;
  -0.0110;
  -0.0109;
  -0.0115;
  -0.0109;
  -0.0165;
  -0.0110;
  -0.0115;
  -0.0113;
  -0.0103;
  -0.0102;
  -0.0114;
  -0.0114;
  -0.0113;
  -0.0125;
  -0.0101;
  -0.0102;
  -0.0102;
  -0.0101;
