   0.0889;
   0.1158;
   0.1220;
   0.1092;
   0.1195;
   0.1142;
   0.1024;
   0.1129;
   0.1032;
   0.0992;
   0.1127;
   0.0910;
   0.1035;
   0.1075;
   0.1036;
   0.0666;
   0.0993;
   0.1076;
  -0.0204;
   0.1076;
   0.1006;
  -0.0206;
   0.1125;
  -0.0200;
  -0.0209;
  -0.0214;
  -0.0196;
  -0.0195;
   0.1029;
  -0.0205;
  -0.0199;
  -0.0204;
  -0.0202;
  -0.0198;
  -0.0197;
  -0.0195;
  -0.0202;
  -0.0191;
  -0.0207;
  -0.0193;
  -0.0198;
  -0.0195;
  -0.0207;
  -0.0186;
  -0.0200;
  -0.0198;
  -0.0194;
  -0.0187;
  -0.0185;
  -0.0188;
  -0.0187;
  -0.0201;
  -0.0185;
  -0.0182;
  -0.0183;
  -0.0194;
  -0.0208;
  -0.0180;
  -0.0184;
  -0.0178;
  -0.0185;
  -0.0182;
  -0.0182;
  -0.0194;
  -0.0249;
  -0.0180;
  -0.0188;
  -0.0178;
  -0.0161;
  -0.0195;
  -0.0195;
  -0.0173;
  -0.0215;
  -0.0199;
  -0.0180;
  -0.0180;
  -0.0167;
  -0.0186;
  -0.0177;
  -0.0170;
  -0.0170;
  -0.0166;
  -0.0173;
  -0.0181;
  -0.0168;
  -0.0166;
  -0.0174;
  -0.0173;
  -0.0169;
  -0.0176;
  -0.0194;
  -0.0236;
  -0.0181;
  -0.0176;
  -0.0175;
  -0.0165;
  -0.0176;
  -0.0163;
  -0.0165;
  -0.0185;
  -0.0162;
  -0.0153;
  -0.0143;
  -0.0167;
  -0.0152;
  -0.0152;
  -0.0157;
  -0.0228;
  -0.0152;
  -0.0148;
  -0.0154;
  -0.0157;
  -0.0157;
  -0.0157;
  -0.0149;
  -0.0157;
  -0.0152;
  -0.0150;
  -0.0151;
  -0.0141;
  -0.0150;
  -0.0155;
  -0.0151;
  -0.0149;
  -0.0149;
  -0.0146;
  -0.0150;
  -0.0174;
  -0.0142;
  -0.0142;
  -0.0142;
  -0.0143;
  -0.0155;
  -0.0147;
  -0.0140;
  -0.0141;
  -0.0139;
  -0.0137;
  -0.0156;
  -0.0137;
  -0.0140;
  -0.0137;
  -0.0129;
  -0.0132;
  -0.0127;
  -0.0130;
  -0.0134;
  -0.0126;
  -0.0145;
  -0.0118;
  -0.0123;
  -0.0150;
  -0.0122;
  -0.0122;
  -0.0120;
  -0.0126;
  -0.0136;
  -0.0131;
  -0.0134;
  -0.0116;
  -0.0160;
  -0.0120;
  -0.0120;
  -0.0120;
  -0.0116;
  -0.0114;
  -0.0129;
  -0.0118;
  -0.0152;
  -0.0116;
  -0.0109;
  -0.0112;
  -0.0112;
  -0.0109;
  -0.0154;
  -0.0136;
  -0.0139;
  -0.0110;
  -0.0111;
  -0.0111;
  -0.0109;
  -0.0110;
  -0.0112;
  -0.0119;
  -0.0135;
  -0.0107;
  -0.0102;
  -0.0111;
  -0.0100;
