   0.1112;
   0.1141;
   0.1234;
   0.1060;
   0.0789;
   0.1114;
   0.1194;
   0.0990;
   0.0847;
   0.1021;
   0.1011;
   0.0846;
   0.1002;
   0.1098;
   0.0969;
   0.0978;
   0.1040;
   0.1089;
   0.0967;
   0.1099;
   0.1018;
   0.1074;
   0.1012;
  -0.0205;
  -0.0209;
   0.1005;
   0.0998;
  -0.0206;
   0.1008;
  -0.0196;
  -0.0207;
  -0.0201;
  -0.0193;
  -0.0205;
  -0.0202;
  -0.0197;
  -0.0192;
  -0.0225;
  -0.0192;
  -0.0192;
  -0.0213;
  -0.0199;
  -0.0189;
  -0.0196;
  -0.0191;
  -0.0181;
  -0.0187;
  -0.0182;
  -0.0200;
  -0.0186;
  -0.0183;
  -0.0198;
  -0.0193;
  -0.0184;
  -0.0191;
  -0.0187;
  -0.0211;
  -0.0171;
  -0.0190;
  -0.0182;
  -0.0180;
  -0.0202;
  -0.0179;
  -0.0181;
  -0.0249;
  -0.0187;
  -0.0186;
  -0.0170;
  -0.0190;
  -0.0195;
  -0.0173;
  -0.0171;
  -0.0215;
  -0.0181;
  -0.0170;
  -0.0165;
  -0.0176;
  -0.0223;
  -0.0228;
  -0.0168;
  -0.0181;
  -0.0172;
  -0.0179;
  -0.0177;
  -0.0167;
  -0.0163;
  -0.0166;
  -0.0178;
  -0.0163;
  -0.0166;
  -0.0167;
  -0.0177;
  -0.0161;
  -0.0159;
  -0.0164;
  -0.0156;
  -0.0156;
  -0.0156;
  -0.0162;
  -0.0159;
  -0.0163;
  -0.0168;
  -0.0210;
  -0.0144;
  -0.0152;
  -0.0172;
  -0.0227;
  -0.0141;
  -0.0156;
  -0.0155;
  -0.0153;
  -0.0166;
  -0.0155;
  -0.0140;
  -0.0148;
  -0.0159;
  -0.0148;
  -0.0153;
  -0.0149;
  -0.0143;
  -0.0148;
  -0.0189;
  -0.0141;
  -0.0152;
  -0.0142;
  -0.0147;
  -0.0146;
  -0.0146;
  -0.0139;
  -0.0179;
  -0.0140;
  -0.0144;
  -0.0158;
  -0.0139;
  -0.0137;
  -0.0152;
  -0.0171;
  -0.0131;
  -0.0142;
  -0.0129;
  -0.0137;
  -0.0132;
  -0.0132;
  -0.0138;
  -0.0128;
  -0.0127;
  -0.0147;
  -0.0127;
  -0.0128;
  -0.0124;
  -0.0128;
  -0.0149;
  -0.0122;
  -0.0146;
  -0.0126;
  -0.0129;
  -0.0120;
  -0.0118;
  -0.0129;
  -0.0114;
  -0.0122;
  -0.0117;
  -0.0118;
  -0.0115;
  -0.0124;
  -0.0118;
  -0.0110;
  -0.0115;
  -0.0148;
  -0.0140;
  -0.0107;
  -0.0130;
  -0.0120;
  -0.0110;
  -0.0120;
  -0.0116;
  -0.0154;
  -0.0134;
  -0.0128;
  -0.0120;
  -0.0114;
  -0.0113;
  -0.0140;
  -0.0106;
  -0.0102;
  -0.0126;
  -0.0106;
  -0.0096;
  -0.0099;
