   0.1108;
   0.1151;
   0.1181;
   0.1123;
   0.1085;
   0.1174;
   0.1059;
   0.1084;
   0.1134;
   0.1001;
   0.1047;
   0.1094;
   0.1131;
   0.1081;
   0.1053;
   0.1043;
   0.1135;
   0.0904;
   0.0848;
   0.1042;
   0.1021;
   0.0995;
   0.1047;
  -0.0201;
  -0.0198;
   0.1017;
  -0.0215;
  -0.0195;
   0.0996;
  -0.0212;
  -0.0201;
  -0.0207;
  -0.0195;
  -0.0193;
  -0.0185;
  -0.0198;
  -0.0195;
  -0.0196;
  -0.0195;
  -0.0195;
  -0.0197;
  -0.0187;
  -0.0185;
  -0.0187;
  -0.0192;
  -0.0197;
  -0.0189;
  -0.0185;
  -0.0190;
  -0.0183;
  -0.0198;
  -0.0183;
  -0.0184;
  -0.0186;
  -0.0186;
  -0.0181;
  -0.0179;
  -0.0183;
  -0.0214;
  -0.0187;
  -0.0205;
  -0.0184;
  -0.0182;
  -0.0176;
  -0.0180;
  -0.0179;
  -0.0180;
  -0.0204;
  -0.0173;
  -0.0178;
  -0.0172;
  -0.0172;
  -0.0215;
  -0.0195;
  -0.0170;
  -0.0184;
  -0.0185;
  -0.0182;
  -0.0170;
  -0.0188;
  -0.0169;
  -0.0168;
  -0.0168;
  -0.0155;
  -0.0170;
  -0.0196;
  -0.0164;
  -0.0163;
  -0.0161;
  -0.0163;
  -0.0165;
  -0.0178;
  -0.0171;
  -0.0158;
  -0.0164;
  -0.0157;
  -0.0147;
  -0.0175;
  -0.0212;
  -0.0157;
  -0.0171;
  -0.0159;
  -0.0163;
  -0.0192;
  -0.0156;
  -0.0155;
  -0.0227;
  -0.0155;
  -0.0163;
  -0.0151;
  -0.0156;
  -0.0153;
  -0.0173;
  -0.0164;
  -0.0151;
  -0.0153;
  -0.0153;
  -0.0148;
  -0.0152;
  -0.0152;
  -0.0147;
  -0.0150;
  -0.0144;
  -0.0146;
  -0.0146;
  -0.0149;
  -0.0159;
  -0.0147;
  -0.0140;
  -0.0139;
  -0.0145;
  -0.0144;
  -0.0135;
  -0.0125;
  -0.0151;
  -0.0134;
  -0.0171;
  -0.0134;
  -0.0170;
  -0.0128;
  -0.0136;
  -0.0129;
  -0.0132;
  -0.0137;
  -0.0137;
  -0.0132;
  -0.0126;
  -0.0127;
  -0.0132;
  -0.0124;
  -0.0121;
  -0.0153;
  -0.0141;
  -0.0124;
  -0.0143;
  -0.0185;
  -0.0124;
  -0.0119;
  -0.0139;
  -0.0118;
  -0.0114;
  -0.0127;
  -0.0135;
  -0.0145;
  -0.0153;
  -0.0116;
  -0.0118;
  -0.0134;
  -0.0128;
  -0.0112;
  -0.0110;
  -0.0120;
  -0.0109;
  -0.0116;
  -0.0109;
  -0.0150;
  -0.0112;
  -0.0107;
  -0.0112;
  -0.0108;
  -0.0104;
  -0.0115;
  -0.0110;
  -0.0113;
  -0.0108;
  -0.0130;
  -0.0110;
  -0.0100;
  -0.0100;
