   0.1121;
   0.1170;
   0.1098;
   0.1151;
   0.1120;
   0.1164;
   0.0997;
   0.1048;
   0.1159;
   0.1120;
   0.1067;
   0.1110;
   0.1179;
   0.1094;
   0.1073;
   0.1090;
   0.1012;
   0.1049;
   0.1028;
   0.1035;
   0.1076;
   0.0984;
   0.1062;
  -0.0207;
  -0.0201;
   0.0898;
  -0.0208;
  -0.0196;
   0.1009;
  -0.0216;
  -0.0203;
  -0.0198;
  -0.0194;
  -0.0192;
  -0.0194;
  -0.0203;
  -0.0201;
  -0.0236;
  -0.0200;
  -0.0179;
  -0.0208;
  -0.0190;
  -0.0233;
  -0.0190;
  -0.0197;
  -0.0194;
  -0.0187;
  -0.0192;
  -0.0186;
  -0.0184;
  -0.0212;
  -0.0183;
  -0.0187;
  -0.0195;
  -0.0193;
  -0.0181;
  -0.0212;
  -0.0180;
  -0.0182;
  -0.0183;
  -0.0182;
  -0.0179;
  -0.0180;
  -0.0179;
  -0.0178;
  -0.0174;
  -0.0183;
  -0.0182;
  -0.0176;
  -0.0172;
  -0.0180;
  -0.0197;
  -0.0215;
  -0.0174;
  -0.0170;
  -0.0180;
  -0.0178;
  -0.0184;
  -0.0174;
  -0.0188;
  -0.0180;
  -0.0176;
  -0.0181;
  -0.0155;
  -0.0176;
  -0.0166;
  -0.0167;
  -0.0163;
  -0.0194;
  -0.0168;
  -0.0181;
  -0.0167;
  -0.0163;
  -0.0175;
  -0.0162;
  -0.0174;
  -0.0167;
  -0.0168;
  -0.0155;
  -0.0165;
  -0.0158;
  -0.0157;
  -0.0154;
  -0.0181;
  -0.0156;
  -0.0171;
  -0.0227;
  -0.0167;
  -0.0163;
  -0.0174;
  -0.0151;
  -0.0154;
  -0.0158;
  -0.0144;
  -0.0152;
  -0.0152;
  -0.0149;
  -0.0150;
  -0.0151;
  -0.0151;
  -0.0160;
  -0.0151;
  -0.0144;
  -0.0152;
  -0.0145;
  -0.0142;
  -0.0148;
  -0.0144;
  -0.0140;
  -0.0144;
  -0.0148;
  -0.0146;
  -0.0133;
  -0.0138;
  -0.0146;
  -0.0168;
  -0.0171;
  -0.0143;
  -0.0162;
  -0.0135;
  -0.0134;
  -0.0137;
  -0.0141;
  -0.0137;
  -0.0142;
  -0.0134;
  -0.0127;
  -0.0131;
  -0.0124;
  -0.0134;
  -0.0129;
  -0.0128;
  -0.0123;
  -0.0155;
  -0.0121;
  -0.0128;
  -0.0127;
  -0.0144;
  -0.0120;
  -0.0114;
  -0.0119;
  -0.0117;
  -0.0113;
  -0.0113;
  -0.0153;
  -0.0110;
  -0.0118;
  -0.0121;
  -0.0149;
  -0.0111;
  -0.0120;
  -0.0119;
  -0.0141;
  -0.0106;
  -0.0111;
  -0.0118;
  -0.0118;
  -0.0116;
  -0.0115;
  -0.0103;
  -0.0110;
  -0.0113;
  -0.0111;
  -0.0113;
  -0.0108;
  -0.0102;
  -0.0112;
  -0.0101;
-100.0000;
