   0.1131;
   0.1208;
   0.1127;
   0.1111;
   0.1077;
   0.1131;
   0.0985;
   0.1105;
   0.1145;
   0.1134;
   0.1077;
   0.1087;
   0.1060;
   0.1024;
   0.1026;
   0.1051;
   0.0995;
   0.0729;
   0.1092;
   0.1009;
   0.0993;
   0.0899;
   0.1030;
  -0.0208;
  -0.0201;
   0.1043;
  -0.0216;
  -0.0206;
  -0.0209;
  -0.0203;
  -0.0203;
  -0.0203;
  -0.0198;
  -0.0194;
  -0.0186;
  -0.0194;
  -0.0200;
  -0.0215;
  -0.0204;
  -0.0194;
  -0.0197;
  -0.0189;
  -0.0213;
  -0.0201;
  -0.0206;
  -0.0195;
  -0.0195;
  -0.0191;
  -0.0185;
  -0.0190;
  -0.0189;
  -0.0182;
  -0.0189;
  -0.0182;
  -0.0180;
  -0.0192;
  -0.0211;
  -0.0180;
  -0.0188;
  -0.0177;
  -0.0202;
  -0.0177;
  -0.0182;
  -0.0176;
  -0.0206;
  -0.0199;
  -0.0188;
  -0.0190;
  -0.0197;
  -0.0202;
  -0.0172;
  -0.0180;
  -0.0215;
  -0.0174;
  -0.0190;
  -0.0173;
  -0.0175;
  -0.0175;
  -0.0224;
  -0.0174;
  -0.0187;
  -0.0166;
  -0.0166;
  -0.0169;
  -0.0164;
  -0.0168;
  -0.0168;
  -0.0169;
  -0.0170;
  -0.0172;
  -0.0164;
  -0.0172;
  -0.0158;
  -0.0157;
  -0.0159;
  -0.0158;
  -0.0158;
  -0.0156;
  -0.0182;
  -0.0167;
  -0.0168;
  -0.0153;
  -0.0169;
  -0.0210;
  -0.0159;
  -0.0207;
  -0.0227;
  -0.0177;
  -0.0155;
  -0.0153;
  -0.0161;
  -0.0170;
  -0.0149;
  -0.0154;
  -0.0145;
  -0.0156;
  -0.0147;
  -0.0149;
  -0.0149;
  -0.0151;
  -0.0151;
  -0.0150;
  -0.0151;
  -0.0144;
  -0.0152;
  -0.0149;
  -0.0144;
  -0.0148;
  -0.0146;
  -0.0140;
  -0.0134;
  -0.0145;
  -0.0145;
  -0.0176;
  -0.0144;
  -0.0145;
  -0.0138;
  -0.0135;
  -0.0137;
  -0.0147;
  -0.0146;
  -0.0123;
  -0.0132;
  -0.0131;
  -0.0132;
  -0.0127;
  -0.0135;
  -0.0134;
  -0.0140;
  -0.0134;
  -0.0149;
  -0.0134;
  -0.0122;
  -0.0115;
  -0.0117;
  -0.0135;
  -0.0120;
  -0.0129;
  -0.0119;
  -0.0117;
  -0.0130;
  -0.0134;
  -0.0124;
  -0.0149;
  -0.0154;
  -0.0143;
  -0.0122;
  -0.0112;
  -0.0126;
  -0.0111;
  -0.0112;
  -0.0110;
  -0.0121;
  -0.0105;
  -0.0109;
  -0.0109;
  -0.0127;
  -0.0113;
  -0.0103;
  -0.0104;
  -0.0104;
  -0.0099;
  -0.0109;
  -0.0115;
  -0.0110;
  -0.0102;
  -0.0111;
  -0.0108;
  -0.0099;
