   0.0947;
   0.0976;
   0.1142;
   0.0900;
   0.1015;
   0.1170;
   0.1040;
   0.0985;
   0.1147;
   0.1017;
   0.1109;
   0.1140;
   0.1099;
   0.1090;
   0.1037;
   0.1015;
   0.1103;
   0.0978;
   0.1065;
   0.1018;
   0.1088;
  -0.0204;
  -0.0207;
  -0.0216;
  -0.0207;
  -0.0199;
  -0.0202;
  -0.0203;
  -0.0197;
  -0.0247;
  -0.0195;
  -0.0205;
  -0.0198;
  -0.0194;
  -0.0197;
  -0.0194;
  -0.0196;
  -0.0194;
  -0.0198;
  -0.0206;
  -0.0198;
  -0.0201;
  -0.0189;
  -0.0193;
  -0.0194;
  -0.0189;
  -0.0187;
  -0.0185;
  -0.0192;
  -0.0188;
  -0.0185;
  -0.0186;
  -0.0194;
  -0.0233;
  -0.0181;
  -0.0184;
  -0.0191;
  -0.0180;
  -0.0178;
  -0.0178;
  -0.0184;
  -0.0183;
  -0.0171;
  -0.0176;
  -0.0184;
  -0.0179;
  -0.0163;
  -0.0203;
  -0.0194;
  -0.0172;
  -0.0173;
  -0.0193;
  -0.0179;
  -0.0193;
  -0.0190;
  -0.0177;
  -0.0183;
  -0.0223;
  -0.0167;
  -0.0168;
  -0.0171;
  -0.0170;
  -0.0168;
  -0.0186;
  -0.0168;
  -0.0174;
  -0.0167;
  -0.0168;
  -0.0193;
  -0.0166;
  -0.0165;
  -0.0236;
  -0.0165;
  -0.0162;
  -0.0166;
  -0.0157;
  -0.0190;
  -0.0162;
  -0.0165;
  -0.0160;
  -0.0170;
  -0.0153;
  -0.0153;
  -0.0166;
  -0.0159;
  -0.0160;
  -0.0227;
  -0.0228;
  -0.0151;
  -0.0155;
  -0.0146;
  -0.0149;
  -0.0166;
  -0.0152;
  -0.0175;
  -0.0154;
  -0.0146;
  -0.0155;
  -0.0180;
  -0.0152;
  -0.0173;
  -0.0145;
  -0.0144;
  -0.0156;
  -0.0143;
  -0.0149;
  -0.0144;
  -0.0150;
  -0.0153;
  -0.0143;
  -0.0146;
  -0.0156;
  -0.0160;
  -0.0154;
  -0.0142;
  -0.0139;
  -0.0131;
  -0.0141;
  -0.0137;
  -0.0128;
  -0.0134;
  -0.0138;
  -0.0127;
  -0.0138;
  -0.0155;
  -0.0127;
  -0.0126;
  -0.0125;
  -0.0124;
  -0.0125;
  -0.0123;
  -0.0124;
  -0.0122;
  -0.0117;
  -0.0123;
  -0.0128;
  -0.0124;
  -0.0133;
  -0.0134;
  -0.0119;
  -0.0117;
  -0.0126;
  -0.0119;
  -0.0115;
  -0.0119;
  -0.0121;
  -0.0109;
  -0.0119;
  -0.0117;
  -0.0122;
  -0.0118;
  -0.0129;
  -0.0113;
  -0.0110;
  -0.0108;
  -0.0107;
  -0.0108;
  -0.0107;
  -0.0103;
  -0.0109;
  -0.0110;
  -0.0145;
  -0.0117;
  -0.0109;
  -0.0107;
  -0.0121;
  -0.0099;
  -0.0102;
  -0.0095;
