   0.1174;
   0.0797;
   0.1164;
   0.1097;
   0.1233;
   0.0978;
   0.1097;
   0.1099;
   0.1164;
   0.1112;
   0.1115;
   0.0836;
   0.1067;
   0.1033;
   0.0886;
   0.0791;
  -0.0210;
   0.1070;
   0.1069;
   0.1058;
  -0.0199;
  -0.0221;
  -0.0209;
  -0.0207;
  -0.0203;
  -0.0199;
  -0.0212;
  -0.0204;
  -0.0197;
  -0.0247;
  -0.0196;
  -0.0203;
  -0.0202;
  -0.0209;
  -0.0184;
  -0.0199;
  -0.0210;
  -0.0198;
  -0.0196;
  -0.0195;
  -0.0190;
  -0.0209;
  -0.0190;
  -0.0191;
  -0.0197;
  -0.0185;
  -0.0200;
  -0.0185;
  -0.0199;
  -0.0185;
  -0.0193;
  -0.0181;
  -0.0182;
  -0.0187;
  -0.0185;
  -0.0180;
  -0.0179;
  -0.0185;
  -0.0189;
  -0.0184;
  -0.0185;
  -0.0179;
  -0.0179;
  -0.0175;
  -0.0166;
  -0.0185;
  -0.0190;
  -0.0182;
  -0.0180;
  -0.0176;
  -0.0171;
  -0.0199;
  -0.0174;
  -0.0185;
  -0.0189;
  -0.0189;
  -0.0180;
  -0.0189;
  -0.0228;
  -0.0171;
  -0.0173;
  -0.0178;
  -0.0179;
  -0.0181;
  -0.0167;
  -0.0173;
  -0.0179;
  -0.0197;
  -0.0160;
  -0.0167;
  -0.0164;
  -0.0164;
  -0.0159;
  -0.0163;
  -0.0170;
  -0.0167;
  -0.0156;
  -0.0181;
  -0.0154;
  -0.0209;
  -0.0156;
  -0.0163;
  -0.0162;
  -0.0151;
  -0.0163;
  -0.0178;
  -0.0227;
  -0.0171;
  -0.0150;
  -0.0161;
  -0.0159;
  -0.0155;
  -0.0157;
  -0.0159;
  -0.0164;
  -0.0166;
  -0.0150;
  -0.0152;
  -0.0165;
  -0.0146;
  -0.0151;
  -0.0147;
  -0.0146;
  -0.0140;
  -0.0143;
  -0.0144;
  -0.0171;
  -0.0143;
  -0.0144;
  -0.0142;
  -0.0144;
  -0.0150;
  -0.0158;
  -0.0142;
  -0.0132;
  -0.0145;
  -0.0137;
  -0.0141;
  -0.0135;
  -0.0141;
  -0.0139;
  -0.0143;
  -0.0147;
  -0.0162;
  -0.0133;
  -0.0123;
  -0.0146;
  -0.0128;
  -0.0132;
  -0.0131;
  -0.0120;
  -0.0140;
  -0.0146;
  -0.0154;
  -0.0121;
  -0.0119;
  -0.0142;
  -0.0121;
  -0.0118;
  -0.0117;
  -0.0167;
  -0.0116;
  -0.0113;
  -0.0112;
  -0.0112;
  -0.0112;
  -0.0126;
  -0.0121;
  -0.0129;
  -0.0111;
  -0.0112;
  -0.0115;
  -0.0109;
  -0.0117;
  -0.0105;
  -0.0115;
  -0.0110;
  -0.0106;
  -0.0112;
  -0.0102;
  -0.0104;
  -0.0113;
  -0.0116;
  -0.0106;
  -0.0112;
  -0.0107;
  -0.0106;
  -0.0096;
  -0.0149;
