   0.1084;
   0.1136;
   0.1219;
   0.1184;
   0.1088;
   0.0969;
   0.1068;
   0.1017;
   0.1088;
   0.1121;
   0.1132;
   0.0769;
   0.1166;
   0.1139;
   0.1111;
   0.1056;
   0.1009;
   0.1065;
   0.0743;
   0.1108;
   0.1037;
   0.1096;
  -0.0203;
  -0.0216;
  -0.0215;
  -0.0206;
  -0.0200;
  -0.0205;
  -0.0202;
  -0.0215;
  -0.0207;
  -0.0198;
  -0.0203;
  -0.0194;
  -0.0194;
  -0.0193;
  -0.0203;
  -0.0180;
  -0.0192;
  -0.0194;
  -0.0196;
  -0.0195;
  -0.0196;
  -0.0192;
  -0.0197;
  -0.0195;
  -0.0187;
  -0.0174;
  -0.0197;
  -0.0183;
  -0.0184;
  -0.0183;
  -0.0189;
  -0.0213;
  -0.0182;
  -0.0180;
  -0.0211;
  -0.0180;
  -0.0194;
  -0.0194;
  -0.0182;
  -0.0197;
  -0.0180;
  -0.0188;
  -0.0187;
  -0.0187;
  -0.0169;
  -0.0179;
  -0.0174;
  -0.0200;
  -0.0183;
  -0.0175;
  -0.0173;
  -0.0162;
  -0.0188;
  -0.0167;
  -0.0177;
  -0.0223;
  -0.0228;
  -0.0174;
  -0.0169;
  -0.0167;
  -0.0184;
  -0.0173;
  -0.0168;
  -0.0175;
  -0.0173;
  -0.0165;
  -0.0173;
  -0.0161;
  -0.0168;
  -0.0158;
  -0.0163;
  -0.0162;
  -0.0161;
  -0.0186;
  -0.0187;
  -0.0162;
  -0.0162;
  -0.0161;
  -0.0167;
  -0.0158;
  -0.0167;
  -0.0159;
  -0.0157;
  -0.0156;
  -0.0227;
  -0.0158;
  -0.0154;
  -0.0153;
  -0.0152;
  -0.0155;
  -0.0152;
  -0.0145;
  -0.0148;
  -0.0158;
  -0.0151;
  -0.0151;
  -0.0156;
  -0.0151;
  -0.0151;
  -0.0175;
  -0.0161;
  -0.0152;
  -0.0143;
  -0.0152;
  -0.0146;
  -0.0152;
  -0.0141;
  -0.0149;
  -0.0140;
  -0.0133;
  -0.0144;
  -0.0138;
  -0.0142;
  -0.0141;
  -0.0171;
  -0.0140;
  -0.0143;
  -0.0140;
  -0.0140;
  -0.0138;
  -0.0133;
  -0.0128;
  -0.0124;
  -0.0123;
  -0.0132;
  -0.0125;
  -0.0132;
  -0.0124;
  -0.0126;
  -0.0122;
  -0.0122;
  -0.0146;
  -0.0121;
  -0.0116;
  -0.0119;
  -0.0124;
  -0.0137;
  -0.0120;
  -0.0132;
  -0.0122;
  -0.0139;
  -0.0123;
  -0.0114;
  -0.0137;
  -0.0114;
  -0.0120;
  -0.0125;
  -0.0142;
  -0.0118;
  -0.0139;
  -0.0117;
  -0.0109;
  -0.0106;
  -0.0109;
  -0.0132;
  -0.0106;
  -0.0111;
  -0.0106;
  -0.0127;
  -0.0115;
  -0.0116;
  -0.0115;
  -0.0110;
  -0.0097;
  -0.0110;
  -0.0101;
  -0.0131;
