   0.1193;
   0.1129;
   0.0894;
   0.1092;
   0.1029;
   0.1136;
   0.1188;
   0.1103;
   0.1148;
   0.0976;
   0.1109;
   0.1158;
   0.1036;
   0.1079;
   0.0951;
   0.1081;
   0.1085;
   0.1076;
  -0.0202;
   0.1018;
  -0.0207;
  -0.0207;
   0.0908;
  -0.0207;
  -0.0207;
  -0.0197;
  -0.0198;
  -0.0205;
  -0.0197;
  -0.0247;
  -0.0208;
  -0.0195;
  -0.0198;
  -0.0224;
  -0.0194;
  -0.0202;
  -0.0202;
  -0.0210;
  -0.0186;
  -0.0206;
  -0.0192;
  -0.0184;
  -0.0175;
  -0.0186;
  -0.0187;
  -0.0190;
  -0.0193;
  -0.0186;
  -0.0185;
  -0.0194;
  -0.0194;
  -0.0185;
  -0.0191;
  -0.0196;
  -0.0218;
  -0.0184;
  -0.0191;
  -0.0187;
  -0.0192;
  -0.0182;
  -0.0182;
  -0.0206;
  -0.0179;
  -0.0181;
  -0.0175;
  -0.0198;
  -0.0207;
  -0.0180;
  -0.0178;
  -0.0169;
  -0.0177;
  -0.0172;
  -0.0215;
  -0.0187;
  -0.0163;
  -0.0209;
  -0.0206;
  -0.0172;
  -0.0223;
  -0.0177;
  -0.0171;
  -0.0166;
  -0.0180;
  -0.0166;
  -0.0173;
  -0.0173;
  -0.0174;
  -0.0168;
  -0.0178;
  -0.0169;
  -0.0161;
  -0.0159;
  -0.0165;
  -0.0178;
  -0.0159;
  -0.0169;
  -0.0155;
  -0.0171;
  -0.0175;
  -0.0165;
  -0.0154;
  -0.0155;
  -0.0161;
  -0.0159;
  -0.0163;
  -0.0166;
  -0.0227;
  -0.0177;
  -0.0166;
  -0.0156;
  -0.0149;
  -0.0153;
  -0.0169;
  -0.0154;
  -0.0151;
  -0.0153;
  -0.0147;
  -0.0150;
  -0.0177;
  -0.0161;
  -0.0176;
  -0.0147;
  -0.0141;
  -0.0150;
  -0.0151;
  -0.0144;
  -0.0142;
  -0.0145;
  -0.0144;
  -0.0142;
  -0.0142;
  -0.0141;
  -0.0161;
  -0.0146;
  -0.0155;
  -0.0142;
  -0.0141;
  -0.0138;
  -0.0161;
  -0.0135;
  -0.0138;
  -0.0153;
  -0.0139;
  -0.0118;
  -0.0136;
  -0.0136;
  -0.0128;
  -0.0130;
  -0.0132;
  -0.0122;
  -0.0130;
  -0.0122;
  -0.0141;
  -0.0118;
  -0.0121;
  -0.0119;
  -0.0125;
  -0.0144;
  -0.0115;
  -0.0123;
  -0.0125;
  -0.0117;
  -0.0126;
  -0.0112;
  -0.0159;
  -0.0114;
  -0.0117;
  -0.0118;
  -0.0148;
  -0.0113;
  -0.0136;
  -0.0115;
  -0.0109;
  -0.0110;
  -0.0110;
  -0.0119;
  -0.0114;
  -0.0114;
  -0.0106;
  -0.0112;
  -0.0104;
  -0.0124;
  -0.0104;
  -0.0114;
  -0.0107;
  -0.0107;
  -0.0114;
  -0.0113;
  -0.0105;
