  13.8754;
  15.6509;
  15.4903;
  15.3822;
  16.7064;
  14.9413;
  15.5941;
  15.2143;
  16.4098;
  16.1538;
  15.2372;
  14.4325;
  15.6189;
  14.8031;
  15.1011;
  14.1724;
  15.2253;
  15.2177;
  15.0634;
  13.8554;
  14.5009;
  14.5958;
  13.7165;
  11.6220;
  12.2681;
  14.2949;
  12.6471;
  12.2503;
  12.2974;
  10.2160;
  11.3165;
  12.2844;
  11.7171;
  11.7507;
  11.9678;
  12.3549;
  11.2678;
  12.7035;
  12.6479;
  10.2143;
  11.6362;
  11.0660;
  11.7014;
  12.3421;
  12.5713;
  11.8875;
  12.1716;
  13.7053;
  11.5385;
  11.8800;
  12.0424;
  12.6864;
  11.7315;
  12.6280;
  11.7890;
  11.0016;
  11.7521;
  11.7975;
  12.3714;
  12.4834;
  11.1402;
  13.7321;
  11.1091;
  12.8817;
  10.8109;
  11.1509;
  12.5304;
  11.0306;
  13.5115;
  11.9710;
  12.1878;
  11.8705;
   6.2811;
  12.0054;
  13.1876;
  12.5329;
  10.5432;
   9.0155;
   8.7679;
  11.0092;
  11.7704;
  11.7533;
  11.1253;
  11.3908;
  11.6425;
  12.3299;
  10.4198;
  10.8679;
  10.2001;
  11.3274;
  10.1874;
  10.1508;
  11.2067;
  11.5086;
  12.1138;
  15.5651;
  12.8310;
  11.9378;
  11.4223;
  10.8858;
  10.1665;
  12.6778;
  10.8690;
  11.3534;
  11.7456;
  10.5326;
   8.5584;
   9.5801;
  11.0776;
  11.6464;
  11.4831;
  11.1352;
  10.7189;
  14.4085;
  10.1274;
  11.1995;
  11.4063;
  10.6680;
  11.0471;
  10.9806;
  12.0174;
   9.8024;
  11.6223;
  12.4113;
  11.2321;
  11.4667;
  11.7796;
  11.6355;
  11.6290;
  10.8186;
  12.2233;
  11.2186;
  10.8214;
  12.3275;
  11.6377;
  10.9620;
   8.6616;
  12.5819;
  12.4325;
  11.3966;
  12.2081;
  13.3376;
  12.4711;
  11.8047;
  12.2900;
  12.4819;
  12.2826;
  11.4061;
  24.0178;
  11.8084;
  12.7956;
  12.6017;
  12.4844;
  11.8207;
  10.3720;
  13.1480;
  10.6691;
  11.1117;
  12.2300;
  12.4673;
  23.1739;
  12.5470;
  10.3763;
  13.0418;
  11.3843;
  11.7995;
  11.6040;
  12.8915;
  11.0828;
  11.7769;
  12.6701;
  10.8507;
  10.7332;
  11.1915;
  12.8405;
  12.1932;
  12.8352;
  13.5423;
  12.5672;
  12.7382;
  11.4592;
  11.3995;
  11.5542;
  12.0299;
  12.6647;
  10.6883;
  10.9148;
  11.5823;
  24.0461;
