  14.0777;
  15.6255;
  15.7241;
  15.0418;
  16.6372;
  15.2579;
  15.5151;
  15.2675;
  16.5745;
  15.9518;
  15.3902;
  14.4639;
  15.7396;
  14.6173;
  15.0683;
  14.1400;
  15.0835;
  15.1937;
  15.2839;
  13.8249;
  14.7273;
  14.2715;
  13.6905;
  11.7160;
  11.9429;
  13.9740;
  12.4564;
  12.0242;
  12.4794;
  10.2858;
  11.1276;
  12.3223;
  11.6323;
  11.7938;
  11.9736;
  11.3201;
  11.3084;
  12.6965;
  12.7256;
  10.3752;
  11.3772;
  11.2069;
  12.0116;
  11.9838;
  12.6336;
  11.8421;
  12.0399;
  13.7342;
  11.6842;
  11.8150;
  12.0808;
  12.7005;
  12.0200;
  12.4255;
  12.8238;
  11.7245;
  11.7165;
  11.8952;
  12.3459;
  12.7161;
  11.4738;
  13.3329;
  10.9055;
  12.7454;
   9.4348;
  10.8726;
  13.2390;
  11.1833;
  13.2197;
  11.3954;
  12.0792;
  11.7663;
   7.2635;
  11.5158;
  12.6528;
  12.6639;
  10.8351;
   9.2321;
   8.6426;
  10.2245;
  10.9572;
  11.6413;
  11.3814;
  11.2987;
  11.6821;
  11.7229;
  10.7000;
  10.9758;
  10.2120;
  11.3398;
  10.2725;
   9.7466;
  12.0416;
  10.9901;
  12.1436;
  12.0071;
  13.2434;
  11.9963;
  11.5093;
  10.8774;
  10.3365;
  12.3723;
  11.2191;
  11.7347;
  11.5624;
  10.1066;
   8.5697;
   9.6813;
  11.1199;
  11.5912;
  11.2500;
  11.3254;
  10.6561;
  14.1851;
  10.2688;
  11.2178;
  11.2384;
  10.6640;
  11.0050;
  11.8747;
  12.2862;
   9.5883;
  11.8948;
  12.4487;
  11.0476;
  11.2742;
  12.2261;
  11.4595;
  11.7923;
  10.6514;
  11.9922;
  11.9781;
  10.5673;
  12.0526;
  11.8212;
  10.4142;
  10.2046;
  12.8316;
  12.2835;
  11.4492;
  12.4399;
  13.0464;
  12.7364;
  11.8000;
  12.0894;
  12.4703;
  11.5584;
  11.0591;
  12.4134;
  11.4834;
  12.5122;
  11.9637;
  12.2922;
  11.9975;
  10.8327;
  12.6209;
  10.5384;
  11.1237;
  12.1627;
  12.7644;
  11.6194;
  11.6095;
  10.4176;
  24.3658;
  10.8931;
  11.7009;
  10.8966;
  12.7181;
  11.3487;
  11.4363;
  12.9563;
  11.9824;
  11.3564;
  11.4080;
  12.8814;
  12.3976;
  12.5421;
  13.7488;
  12.3796;
  12.6138;
  11.6550;
  11.3039;
  11.7187;
  11.8399;
  12.6530;
  10.7943;
  12.5601;
  11.2302;
  11.6980;
