  13.9035;
  15.6717;
  15.1285;
  14.7857;
  16.4039;
  14.4269;
  15.4992;
  14.1437;
  16.5267;
  16.0191;
  15.3507;
  14.4421;
  15.4682;
  14.8566;
  15.0553;
  14.1606;
  15.1714;
  15.1338;
  15.2314;
  13.2171;
  15.2027;
  12.5650;
  12.4160;
  11.9166;
  11.1373;
  12.6444;
  12.0244;
  11.6144;
  11.1916;
  10.2428;
  10.5320;
  11.9566;
  11.6465;
  11.9170;
  12.1673;
  12.1084;
  11.0247;
  13.0368;
  12.9581;
   9.0252;
  10.9571;
  11.4172;
  11.6952;
  12.2122;
  12.6998;
  11.7937;
  11.9926;
  13.5347;
  11.9013;
  11.9757;
  11.9988;
  12.7242;
  11.8136;
  12.2641;
  12.1635;
  11.7508;
  11.6914;
  11.9037;
  12.3363;
  12.4181;
  11.5321;
  13.4738;
  11.3420;
  12.7070;
  10.7305;
  10.8676;
  25.2847;
  10.6955;
  12.2209;
  11.4732;
  11.9972;
  11.7228;
   7.5330;
  11.4978;
  11.9239;
  11.9106;
  10.6590;
   8.8266;
   9.0697;
  10.9493;
  11.7682;
  11.5540;
  11.1488;
  10.9506;
  12.1291;
  11.9691;
  10.3834;
  11.2813;
  10.3733;
  11.2527;
  10.0972;
   9.9557;
  11.9572;
  11.2470;
  11.9562;
  11.9134;
  12.2402;
  12.0489;
  11.4612;
  10.9055;
  10.2483;
  12.4294;
  11.1735;
  11.2020;
  11.7664;
  10.5357;
   8.8243;
   9.1782;
  11.1135;
  11.3093;
  11.7542;
  11.2987;
  10.7311;
  14.1489;
  10.0505;
  11.5065;
  11.3312;
  10.6476;
   9.9644;
  11.7496;
  12.3700;
  10.3533;
  12.2735;
  12.4031;
  11.2035;
  11.4028;
  11.8300;
  11.0725;
  11.2139;
  10.6187;
  12.0005;
  11.8275;
  10.6935;
  12.1448;
  11.7606;
  10.8117;
  10.0231;
  12.4990;
  12.3178;
  11.4078;
  12.7064;
  12.0161;
  12.4691;
  11.4914;
  12.1250;
  12.2784;
  12.1645;
  11.0272;
  12.4666;
  11.8891;
  12.2445;
  12.0570;
  12.1528;
  11.8156;
  10.3572;
  13.2466;
  10.5183;
  11.1030;
  11.8963;
  11.9826;
  11.7456;
  11.7447;
  10.4890;
  12.9717;
  11.2796;
  11.5593;
  11.1212;
  12.4966;
  11.1567;
  11.5410;
  12.7225;
  11.3610;
  11.2114;
  11.4107;
  12.9020;
  12.1517;
  12.9374;
  13.5707;
  12.4287;
  12.8297;
  11.3953;
  10.6059;
  12.0213;
  12.1536;
  12.5590;
  10.9387;
  12.6858;
  11.0393;
  11.7316;
