   3.0750;
  15.2952;
  15.6807;
  15.3906;
  16.2838;
  15.3343;
  15.3580;
  15.1576;
  16.2390;
  16.1530;
  15.1001;
  14.3330;
  15.3984;
  14.7050;
  15.0751;
  14.0041;
  15.1706;
  14.5765;
  14.2609;
  13.8376;
  13.6888;
  14.0502;
  13.5332;
  11.9135;
  12.6502;
  13.5358;
  12.6888;
  12.1134;
  12.2186;
  10.5348;
  10.9124;
  12.0184;
  11.4359;
  11.6411;
  12.0904;
  12.0699;
  10.5673;
  12.1262;
  13.5456;
  10.3594;
  12.1100;
  11.2433;
  11.5315;
  12.0251;
  12.6659;
  11.6922;
  11.8469;
  13.9186;
  10.9449;
  11.7770;
  11.4470;
  11.8543;
  11.6717;
  12.3667;
  12.4526;
  10.7335;
  11.5059;
  11.6691;
  12.2272;
  12.2636;
  11.7934;
  13.3647;
  10.3008;
  13.1301;
  10.7474;
  10.7530;
  12.5214;
  10.8945;
  24.7550;
  12.0848;
  11.7678;
  11.5342;
   6.4659;
  11.4650;
  12.1639;
  12.4878;
  10.2716;
   9.0350;
   8.7122;
  10.9268;
  11.6539;
  11.5630;
  11.4647;
  11.3221;
  11.3096;
  11.6799;
   9.6180;
  10.8961;
   9.0227;
  11.0648;
  10.5624;
   9.7625;
  12.4543;
  10.9828;
  12.0476;
  11.8738;
  13.3950;
  11.7776;
  11.3448;
  10.6968;
  10.0619;
  12.4723;
  10.8786;
  11.3043;
  11.7095;
  10.4769;
   8.5399;
   9.4843;
  10.7413;
  11.5659;
  11.3312;
  11.2147;
  10.7390;
  13.8973;
  10.3881;
  11.3798;
  10.6869;
  10.7752;
  10.8212;
  11.9045;
  12.2673;
  11.2881;
  12.0871;
  12.3004;
  11.0956;
  11.3930;
  11.6800;
  11.1466;
  12.0926;
  10.4268;
  11.9470;
  11.7383;
  10.5389;
  11.7502;
  11.0519;
  10.8795;
   9.6629;
  12.3664;
  23.5557;
  10.9957;
  12.1232;
  13.1662;
  12.1186;
  11.8933;
  11.5931;
  12.1945;
  11.9352;
  11.3820;
  12.6846;
  11.5181;
  12.1137;
  11.7295;
  12.1056;
  11.9046;
  10.5717;
  12.6107;
  10.5288;
  11.1053;
  11.8918;
  12.5008;
  11.9826;
  12.5328;
  10.3390;
  12.7497;
  11.1106;
  12.0446;
  11.5345;
  12.6907;
  11.0020;
  11.4285;
  12.5760;
  11.2329;
  11.0441;
  11.2865;
  13.0064;
  12.9973;
  12.7185;
  13.4252;
  12.6650;
  12.5885;
  11.7382;
  11.2432;
  12.1149;
  12.0573;
  12.3307;
  10.9176;
  11.9232;
  11.5278;
  11.6186;
