  14.0455;
  15.6348;
  15.4803;
  15.1465;
  16.5801;
  15.3200;
  15.8626;
  15.0461;
  16.2566;
  15.6891;
  14.8781;
  14.1887;
  15.0362;
  14.0979;
  15.3925;
  14.1543;
  14.8672;
  14.5143;
  15.0450;
  13.8755;
  14.5734;
  14.3723;
  13.5988;
  11.5811;
  12.0150;
  13.2457;
  11.3429;
  11.9392;
  11.6609;
   8.4005;
  10.5468;
  12.2861;
  11.6345;
  11.8533;
  11.9032;
  12.3236;
  11.0613;
  12.9029;
  12.5775;
   9.5447;
  11.4727;
  10.9872;
  12.1841;
  12.7328;
  12.2161;
  10.9566;
  11.9063;
  13.4378;
  11.6781;
  11.7356;
  12.0862;
  12.6679;
  11.3366;
  11.8500;
  12.3270;
  10.9112;
  11.6874;
  12.0588;
  10.7860;
  11.8925;
  11.3128;
  13.2051;
  11.0842;
  12.9764;
  10.6957;
  10.8642;
  25.4195;
  10.8133;
  13.1673;
  12.2243;
  11.9152;
  11.0530;
   8.3154;
  11.6596;
  12.4667;
  12.3839;
  10.6572;
   8.7302;
   5.7469;
  10.2939;
  11.6798;
  11.7411;
  10.8369;
  11.5615;
  11.0414;
  11.4844;
  10.4431;
  10.5058;
  10.0239;
  11.3459;
  10.1333;
   9.8813;
  11.8782;
  11.2263;
  12.4775;
  11.4952;
  13.1681;
  12.1640;
  11.4224;
  10.1087;
   9.9856;
  12.5151;
  11.0937;
  11.4085;
  11.6937;
  10.5542;
   8.5538;
   9.5445;
  10.9801;
  11.6827;
  11.6426;
  11.1639;
  10.8388;
  13.9265;
  10.3318;
  11.2425;
  10.5266;
  10.3199;
  11.0697;
  11.7950;
  12.2963;
  10.3804;
  11.7887;
  12.0468;
  11.1653;
  11.3137;
  11.8959;
  11.2615;
  11.4030;
  10.3404;
  11.8045;
  11.8639;
  10.6088;
  12.1421;
  11.8073;
  10.8294;
   9.7911;
  12.3913;
  12.3641;
  10.6243;
  12.3452;
  13.1645;
  12.4793;
  11.7909;
  12.4126;
  12.5976;
  12.2419;
  11.1807;
  12.4209;
  11.9013;
  12.0526;
  11.9812;
  12.3314;
  11.8782;
   9.1364;
  13.2583;
  10.6545;
  11.1158;
  12.1916;
  12.5183;
  11.9572;
  11.8584;
  10.3758;
  12.9086;
  11.2356;
  11.8141;
  10.9577;
  12.5192;
  11.1447;
  11.4685;
  12.7498;
  11.3785;
  10.7915;
  11.0339;
  12.4407;
  12.2850;
  12.7023;
  13.6522;
  12.6073;
  12.3403;
  11.6208;
  11.1084;
  12.1064;
  11.7452;
  12.5257;
  10.3324;
  12.2028;
  11.0085;
  11.7614;
