  13.3902;
  15.3563;
  15.7158;
  15.0275;
  16.8420;
  15.2645;
  15.2728;
  15.2485;
  16.3495;
  16.1626;
  15.7568;
  14.0669;
  15.4164;
  14.8701;
  15.1036;
  14.1543;
  15.1791;
  15.1261;
  13.7593;
  13.3596;
  14.4726;
  14.4837;
  13.6049;
  11.8565;
  11.9433;
  12.7773;
  12.1338;
  11.5031;
  11.7890;
   9.7115;
  11.2586;
  12.1004;
  11.2226;
  11.7420;
  11.7675;
  12.1651;
  11.2249;
  12.6841;
  12.5505;
  10.0615;
  11.8727;
  11.1093;
  11.7137;
  12.4636;
  12.2209;
  12.0620;
  12.0083;
  13.8198;
  11.2360;
  12.0370;
  12.2377;
  12.7858;
  11.6072;
  12.7163;
  12.9046;
  11.7892;
  11.6576;
  12.0183;
  12.3284;
  12.2702;
  11.7301;
  13.1917;
  11.0091;
  12.9439;
  11.0404;
  10.3148;
  13.1234;
  11.3831;
  12.9755;
  11.6845;
  11.6711;
  11.9962;
   8.3319;
  11.8523;
  13.2390;
  10.8943;
  10.1131;
   9.1621;
   8.6179;
  10.9166;
  10.9352;
  11.5997;
  11.1754;
  11.3696;
  11.7424;
  11.8294;
   9.9405;
  10.9149;
  10.3369;
  11.3904;
  10.1837;
   9.6334;
  12.0620;
  11.0084;
  12.2153;
  12.0035;
  13.1158;
  12.0356;
  11.4987;
  11.0753;
   9.1702;
  12.3566;
  11.0889;
  11.3419;
  11.7004;
  10.5506;
   8.5763;
   9.4388;
  11.0204;
  11.7154;
  11.4131;
  11.4502;
  10.5951;
  14.1930;
  10.2081;
  11.5321;
  10.9245;
  10.6825;
  10.9571;
  12.3027;
  12.1224;
  11.0907;
  12.3766;
  12.2776;
  11.2572;
  11.3847;
  11.6212;
  10.9799;
  11.4616;
  10.1028;
  12.1800;
  24.0617;
  11.1981;
  12.9803;
  11.6268;
  10.9133;
   9.7095;
  12.9776;
  12.6861;
  10.8699;
  12.3751;
  13.0851;
  12.4788;
  11.6179;
  12.6776;
  12.2574;
  11.6676;
  11.6438;
  12.7170;
  12.2422;
  12.3059;
  12.4216;
  12.3287;
  11.9306;
  10.3457;
  13.1094;
  10.6898;
  11.2523;
  12.2058;
  12.3728;
  12.0161;
  10.9640;
  10.5484;
  12.6580;
  11.0926;
  12.1696;
  11.4164;
  12.8918;
  11.0854;
  11.5427;
  12.7018;
  11.2338;
  11.3348;
  11.4116;
  12.9260;
  12.1392;
  12.7418;
  13.7875;
  10.9149;
  13.1964;
  11.4894;
  11.1294;
  11.8430;
  11.7870;
  12.5551;
  11.0202;
  12.5451;
  11.3558;
  11.5692;
